1,-49.999999999999986
2,181.0
3,181.0
4,181.0
5,181.0
6,181.0
7,181.0
8,181.0
9,181.0
10,181.0
11,181.0
12,181.0
13,181.0
14,181.0
15,181.0
16,181.0
17,181.0
18,181.0
19,181.0
20,181.0
21,181.0
22,181.0
23,181.0
24,181.0
25,181.0
26,181.0
27,181.0
28,181.0
29,181.0
30,181.0
31,181.0
32,181.0
33,181.0
34,181.0
35,181.0
36,181.0
37,181.0
38,181.0
39,181.0
40,181.0
41,181.0
42,181.0
43,181.0
44,181.0
45,181.0
46,181.0
47,181.0
48,181.0
49,181.0
50,181.0
51,181.0
52,181.0
53,181.0
54,181.0
55,181.0
56,181.0
57,181.0
58,181.0
59,181.0
60,181.0
61,181.0
62,181.0
63,181.0
64,181.0
65,181.0
66,181.0
67,181.0
68,181.0
69,181.0
70,181.0
71,181.0
72,181.0
73,181.0
74,181.0
75,181.0
76,181.0
77,181.0
78,181.0
79,181.0
80,181.0
81,181.0
82,181.0
83,181.0
84,181.0
85,181.0
86,181.0
87,181.0
88,181.0
89,181.0
90,181.0
91,181.0
92,181.0
93,181.0
94,332.9999999999992
95,181.0
96,181.0
97,181.0
98,181.0
99,181.0
100,181.0
101,181.0
102,181.0
103,181.0
104,181.0
105,181.0
106,181.0
107,181.0
108,181.0
109,181.0
110,181.0
111,181.0
112,181.0
113,181.0
114,181.0
115,181.0
116,181.0
117,181.0
118,181.0
119,181.0
120,181.0
121,181.0
122,181.0
123,181.0
124,181.0
125,181.0
126,181.0
127,181.0
128,181.0
129,181.0
130,181.0
131,181.0
132,181.0
133,181.0
134,181.0
135,181.0
136,181.0
137,181.0
138,181.0
139,181.0
140,181.0
141,181.0
142,181.0
143,181.0
144,181.0
145,181.0
146,181.0
147,200.0
148,200.0
149,200.0
150,200.0
151,200.0
152,200.0
153,200.0
154,200.0
155,200.0
156,200.0
157,200.0
158,200.0
159,200.0
160,200.0
161,200.0
162,200.0
163,200.0
164,200.0
165,200.0
166,200.0
167,200.0
168,200.0
169,200.0
170,200.0
171,200.0
172,200.0
173,200.0
174,200.0
175,200.0
176,200.0
177,200.0
178,200.0
179,200.0
180,200.0
181,200.0
182,200.0
183,200.0
184,200.0
185,200.0
186,200.0
187,200.0
188,200.0
189,200.0
190,200.0
191,200.0
192,200.0
193,200.0
194,200.0
195,200.0
196,200.0
197,200.0
198,200.0
199,200.0
200,200.0
201,200.0
202,200.0
203,200.0
204,200.0
205,200.0
206,200.0
207,200.0
208,200.0
209,200.0
210,200.0
211,200.0
212,200.0
213,200.0
214,200.0
215,200.0
216,200.0
217,200.0
218,200.0
219,200.0
220,200.0
221,200.0
222,200.0
223,200.0
224,200.0
225,200.0
226,200.0
227,200.0
228,200.0
229,200.0
230,200.0
231,200.0
232,200.0
233,200.0
234,200.0
235,200.0
236,200.0
237,200.0
238,200.0
239,200.0
240,200.0
241,200.0
242,200.0
243,200.0
244,200.0
245,200.0
246,200.0
247,200.0
248,200.0
249,200.0
250,200.0
251,200.0
252,200.0
253,200.0
254,200.0
255,200.0
256,200.0
257,201.0
258,199.0
259,199.0
260,199.0
261,201.99999999999994
262,201.99999999999994
263,199.0
264,199.0
265,199.0
266,201.99999999999994
267,201.99999999999994
268,201.99999999999994
269,201.99999999999994
270,201.99999999999994
271,201.99999999999994
272,201.99999999999994
273,201.99999999999994
274,201.99999999999994
275,201.99999999999994
276,199.0
277,199.0
278,199.0
279,199.0
280,200.0
281,200.0
282,200.0
283,200.0
284,200.0
285,200.0
286,200.0
287,200.0
288,200.0
289,200.0
290,200.0
291,200.0
292,200.0
293,200.0
294,200.0
295,200.0
296,200.0
297,200.0
298,200.0
299,200.0
300,200.0
301,200.0
302,200.0
303,200.0
304,200.0
305,200.0
306,200.0
307,200.0
308,200.0
309,200.0
310,200.0
311,200.0
312,200.0
313,200.0
314,200.0
315,200.0
316,200.0
317,200.0
318,200.0
319,200.0
320,200.0
321,200.0
322,200.0
323,200.0
324,200.0
325,200.0
326,200.0
327,200.0
328,200.0
329,200.0
330,200.0
331,200.0
332,200.0
333,200.0
334,200.0
335,200.0
336,200.0
337,200.0
338,200.0
339,200.0
340,200.0
341,200.0
342,200.0
343,200.0
344,200.0
345,200.0
346,200.0
347,200.0
348,200.0
349,200.0
350,200.0
351,200.0
352,200.0
353,200.0
354,200.0
355,200.0
356,200.0
357,200.0
358,200.0
359,200.0
360,200.0
361,200.0
362,200.0
363,200.0
364,200.0
365,200.0
366,200.0
367,200.0
368,200.0
369,200.0
370,200.0
371,200.0
372,200.0
373,200.0
374,200.0
375,200.0
376,200.0
377,200.0
378,200.0
379,200.0
380,200.0
381,200.0
382,200.0
383,200.0
384,200.0
385,200.0
386,200.0
387,200.0
388,200.0
389,200.0
390,200.0
391,200.0
392,200.0
393,200.0
394,200.0
395,200.0
396,200.0
397,200.0
398,200.0
399,200.0
400,200.0
401,200.0
402,200.0
403,200.0
404,200.0
405,200.0
406,200.0
407,200.0
408,200.0
409,200.0
410,200.0
411,200.0
412,200.0
413,200.0
414,200.0
415,200.0
416,200.0
417,200.0
418,200.0
419,200.0
420,200.0
421,200.0
422,200.0
423,200.0
424,200.0
425,200.0
426,200.0
427,200.0
428,200.0
429,200.0
430,200.0
431,200.0
432,200.0
433,200.0
434,200.0
435,200.0
436,200.0
437,200.0
438,200.0
439,200.0
440,200.0
441,200.0
442,200.0
443,200.0
444,200.0
445,200.0
446,200.0
447,200.0
448,200.0
449,200.0
450,200.0
451,200.0
452,200.0
453,200.0
454,200.0
455,200.0
456,200.0
457,200.0
458,200.0
459,200.0
460,200.0
461,200.0
462,200.0
463,200.0
464,200.0
465,200.0
466,200.0
467,200.0
468,200.0
469,200.0
470,200.0
471,200.0
472,200.0
473,200.0
474,200.0
475,200.0
476,200.0
477,200.0
478,200.0
479,200.0
480,200.0
481,200.0
482,200.0
483,200.0
484,200.0
485,200.0
486,200.0
487,200.0
488,200.0
489,200.0
490,200.0
491,200.0
492,200.0
493,200.0
494,200.0
495,200.0
496,200.0
497,200.0
498,200.0
499,200.0
500,200.0
501,200.0
502,200.0
503,200.0
504,200.0
505,200.0
506,200.0
507,200.0
508,200.0
509,200.0
510,200.0
511,200.0
512,200.0
513,200.0
514,200.0
515,200.0
516,200.0
517,200.0
518,200.0
519,200.0
520,200.0
521,200.0
522,200.0
523,200.0
524,200.0
525,200.0
526,200.0
527,200.0
528,200.0
529,200.0
530,200.0
531,200.0
532,200.0
533,200.0
534,200.0
535,200.0
536,200.0
537,200.0
538,200.0
539,200.0
540,200.0
541,200.0
542,200.0
543,200.0
544,200.0
545,200.0
546,200.0
547,200.0
548,200.0
549,200.0
550,200.0
551,200.0
552,200.0
553,200.0
554,200.0
555,200.0
556,200.0
557,200.0
558,200.0
559,200.0
560,200.0
561,200.0
562,200.0
563,200.0
564,200.0
565,200.0
566,200.0
567,200.0
568,200.0
569,200.0
570,200.0
571,200.0
572,200.0
573,200.0
574,200.0
575,200.0
576,200.0
577,200.0
578,200.0
579,200.0
580,200.0
581,200.0
582,200.0
583,200.0
584,200.0
585,200.0
586,200.0
587,200.0
588,200.0
589,200.0
590,200.0
591,200.0
592,200.0
593,200.0
594,200.0
595,200.0
596,200.0
597,200.0
598,200.0
599,200.0
600,200.0
601,200.0
602,200.0
603,200.0
604,200.0
605,200.0
606,200.0
607,200.0
608,200.0
609,200.0
610,200.0
611,200.0
612,200.0
613,200.0
614,200.0
615,200.0
616,200.0
617,200.0
618,200.0
619,200.0
620,200.0
621,200.0
622,200.0
623,200.0
624,200.0
625,200.0
626,200.0
627,200.0
628,200.0
629,200.0
630,200.0
631,200.0
632,200.0
633,200.0
634,200.0
635,200.0
636,200.0
637,200.0
638,200.0
639,200.0
640,200.0
641,200.0
642,200.0
643,200.0
644,200.0
645,200.0
646,200.0
647,200.0
648,200.0
649,200.0
650,200.0
651,200.0
652,200.0
653,200.0
654,200.0
655,200.0
656,200.0
657,200.0
658,200.0
659,200.0
660,200.0
661,200.0
662,200.0
663,200.0
664,200.0
665,200.0
666,200.0
667,200.0
668,200.0
669,200.0
670,200.0
671,200.0
672,200.0
673,200.0
674,200.0
675,200.0
676,200.0
677,200.0
678,200.0
679,200.0
680,200.0
681,200.0
682,200.0
683,200.0
684,200.0
685,200.0
686,200.0
687,200.0
688,200.0
689,200.0
690,200.0
691,200.0
692,200.0
693,200.0
694,200.0
695,200.0
696,200.0
697,200.0
698,200.0
699,200.0
700,200.0
701,200.0
702,200.0
703,200.0
704,200.0
705,200.0
706,200.0
707,200.0
708,200.0
709,200.0
710,200.0
711,200.0
712,200.0
713,200.0
714,200.0
715,200.0
716,200.0
717,200.0
718,200.0
719,200.0
720,200.0
721,200.0
722,200.0
723,200.0
724,200.0
725,200.0
726,200.0
727,200.0
728,200.0
729,200.0
730,200.0
731,200.0
732,200.0
733,200.0
734,200.0
735,200.0
736,200.0
737,200.0
738,200.0
739,200.0
740,200.0
741,200.0
742,200.0
743,200.0
744,200.0
745,200.0
746,200.0
747,200.0
748,200.0
749,200.0
750,200.0
751,200.0
752,200.0
753,200.0
754,200.0
755,200.0
756,200.0
757,200.0
758,200.0
759,200.0
760,200.0
761,200.0
762,200.0
763,200.0
764,200.0
765,200.0
766,200.0
767,200.0
768,200.0
769,200.0
770,200.0
771,200.0
772,200.0
773,200.0
774,200.0
775,200.0
776,200.0
777,200.0
778,200.0
779,200.0
780,200.0
781,200.0
782,200.0
783,200.0
784,200.0
785,200.0
786,200.0
787,200.0
788,200.0
789,200.0
790,200.0
791,200.0
792,200.0
793,200.0
794,200.0
795,200.0
796,200.0
797,200.0
798,200.0
799,200.0
800,200.0
801,200.0
802,200.0
803,200.0
804,200.0
805,200.0
806,200.0
807,200.0
808,200.0
809,200.0
810,200.0
811,200.0
812,200.0
813,200.0
814,200.0
815,200.0
816,200.0
817,200.0
818,200.0
819,200.0
820,200.0
821,200.0
822,200.0
823,200.0
824,200.0
825,200.0
826,200.0
827,200.0
828,200.0
829,200.0
830,200.0
831,200.0
832,200.0
833,200.0
834,200.0
835,200.0
836,200.0
837,200.0
838,200.0
839,200.0
840,200.0
841,200.0
842,200.0
843,200.0
844,200.0
845,200.0
846,200.0
847,200.0
848,200.0
849,200.0
850,200.0
851,200.0
852,200.0
853,200.0
854,200.0
855,200.0
856,200.0
857,200.0
858,200.0
859,200.0
860,200.0
861,200.0
862,200.0
863,200.0
864,200.0
865,200.0
866,200.0
867,200.0
868,200.0
869,200.0
870,200.0
871,200.0
872,200.0
873,200.0
874,200.0
875,200.0
876,200.0
877,200.0
878,200.0
879,200.0
880,200.0
881,200.0
882,200.0
883,200.0
884,200.0
885,200.0
886,200.0
887,200.0
888,200.0
889,200.0
890,200.0
891,200.0
892,200.0
893,200.0
894,200.0
895,200.0
896,200.0
897,200.0
898,200.0
899,200.0
900,200.0
901,200.0
902,200.0
903,200.0
904,200.0
905,200.0
906,200.0
907,200.0
908,200.0
909,200.0
910,200.0
911,200.0
912,200.0
913,200.0
914,200.0
915,200.0
916,200.0
917,200.0
918,200.0
919,200.0
920,200.0
921,200.0
922,200.0
923,200.0
924,200.0
925,200.0
926,200.0
927,200.0
928,200.0
929,200.0
930,200.0
931,200.0
932,200.0
933,200.0
934,200.0
935,200.0
936,200.0
937,200.0
938,200.0
939,200.0
940,200.0
941,200.0
942,200.0
943,200.0
944,200.0
945,200.0
946,200.0
947,200.0
948,200.0
949,200.0
950,200.0
951,200.0
952,200.0
953,200.0
954,200.0
955,200.0
956,200.0
957,200.0
958,200.0
959,200.0
960,200.0
961,200.0
962,200.0
963,200.0
964,200.0
965,200.0
966,200.0
967,200.0
968,200.0
969,200.0
970,200.0
971,200.0
972,200.0
973,200.0
974,200.0
975,200.0
976,200.0
977,200.0
978,200.0
979,200.0
980,200.0
981,200.0
982,200.0
983,200.0
984,200.0
985,200.0
986,200.0
987,200.0
988,200.0
989,200.0
990,200.0
991,200.0
992,200.0
993,200.0
994,200.0
995,200.0
996,200.0
997,200.0
998,200.0
999,200.0
1000,200.0
1001,200.0
1002,200.0
1003,200.0
1004,200.0
1005,200.0
1006,200.0
1007,200.0
1008,200.0
1009,200.0
1010,200.0
1011,200.0
1012,200.0
1013,200.0
1014,200.0
1015,200.0
1016,200.0
1017,200.0
1018,200.0
1019,200.0
1020,200.0
1021,200.0
1022,200.0
1023,200.0
1024,200.0
1025,200.0
1026,200.0
1027,200.0
1028,200.0
1029,200.0
1030,200.0
1031,200.0
1032,200.0
1033,200.0
1034,200.0
1035,200.0
1036,200.0
1037,200.0
1038,200.0
1039,200.0
1040,197.99999999999997
1041,200.99999999999997
1042,200.99999999999997
1043,200.99999999999997
1044,201.99999999999994
1045,201.99999999999994
1046,201.99999999999994
1047,201.99999999999994
1048,201.99999999999994
1049,201.99999999999994
1050,201.99999999999994
1051,200.99999999999997
1052,200.99999999999997
1053,197.99999999999997
1054,197.99999999999997
1055,200.0
1056,200.0
1057,200.0
1058,200.0
1059,200.0
1060,200.0
1061,200.0
1062,200.0
1063,200.0
1064,200.0
1065,200.0
1066,200.0
1067,200.0
1068,200.0
1069,200.0
1070,200.0
1071,200.0
1072,200.0
1073,200.0
1074,200.0
1075,200.0
1076,200.0
1077,200.0
1078,200.0
1079,200.0
1080,200.0
1081,200.0
1082,200.0
1083,200.0
1084,200.0
1085,200.0
1086,200.0
1087,200.0
1088,200.0
1089,200.0
1090,200.0
1091,200.0
1092,200.0
1093,200.0
1094,200.0
1095,200.0
1096,200.0
1097,200.0
1098,200.0
1099,200.0
1100,200.0
1101,200.0
1102,200.0
1103,200.0
1104,200.0
1105,200.0
1106,200.0
1107,200.0
1108,200.0
1109,200.0
1110,200.0
1111,200.0
1112,200.0
1113,200.0
1114,200.0
1115,200.0
1116,200.0
1117,200.0
1118,200.0
1119,200.0
1120,200.0
1121,200.0
1122,200.0
1123,200.0
1124,200.0
1125,200.0
1126,200.0
1127,200.0
1128,200.0
1129,200.0
1130,200.0
1131,200.0
1132,200.0
1133,200.0
1134,200.0
1135,200.0
1136,200.0
1137,200.0
1138,200.0
1139,200.0
1140,200.0
1141,200.0
1142,200.0
1143,200.0
1144,200.0
1145,200.0
1146,200.0
1147,200.0
1148,200.0
1149,200.0
1150,200.0
1151,200.0
1152,200.0
1153,200.0
1154,200.0
1155,200.0
1156,200.0
1157,200.0
1158,200.0
1159,200.0
1160,200.0
1161,200.0
1162,200.0
1163,200.0
1164,200.0
1165,200.0
1166,200.0
1167,200.0
1168,200.0
1169,200.0
1170,200.0
1171,200.0
1172,200.0
1173,200.0
1174,200.0
1175,200.0
1176,200.0
1177,200.0
1178,200.0
1179,200.0
1180,200.0
1181,200.0
1182,200.0
1183,200.0
1184,200.0
1185,200.0
1186,200.0
1187,200.0
1188,200.0
1189,200.0
1190,200.0
1191,200.0
1192,200.0
1193,200.0
1194,200.0
1195,200.0
1196,200.0
1197,200.0
1198,200.0
1199,200.0
1200,200.0
1201,200.0
1202,200.0
1203,200.0
1204,200.0
1205,200.0
1206,200.0
1207,200.0
1208,200.0
1209,200.0
1210,200.0
1211,200.0
1212,200.0
1213,200.0
1214,200.0
1215,200.0
1216,200.0
1217,200.0
1218,200.0
1219,200.0
1220,200.0
1221,200.0
1222,200.0
1223,200.0
1224,200.0
1225,200.0
1226,200.0
1227,200.0
1228,200.0
1229,200.0
1230,200.0
1231,200.0
1232,200.0
1233,200.0
1234,200.0
1235,200.0
1236,200.0
1237,200.0
1238,200.0
1239,200.0
1240,200.0
1241,200.0
1242,200.0
1243,200.0
1244,200.0
1245,200.0
1246,200.0
1247,200.0
1248,200.0
1249,200.0
1250,200.0
1251,200.0
1252,200.0
1253,200.0
1254,338.99999999999926
1255,200.0
1256,200.0
1257,200.0
1258,200.0
1259,200.0
1260,200.0
1261,200.0
1262,200.0
1263,200.0
1264,200.0
1265,200.0
1266,200.0
1267,200.0
1268,200.0
1269,200.0
1270,200.0
1271,200.0
1272,200.0
1273,200.0
1274,200.0
1275,200.0
1276,200.0
1277,200.0
1278,200.0
1279,200.0
1280,200.0
1281,200.0
1282,200.0
1283,200.0
1284,200.0
1285,200.0
1286,200.0
1287,200.0
1288,200.0
1289,200.0
1290,200.0
1291,200.0
1292,200.0
1293,200.0
1294,200.0
1295,200.0
1296,200.0
1297,200.0
1298,200.0
1299,200.0
1300,200.0
1301,200.0
1302,200.0
1303,200.0
1304,200.0
1305,200.0
1306,200.0
1307,200.0
1308,200.0
1309,200.0
1310,200.0
1311,200.0
1312,200.0
1313,200.0
1314,200.0
1315,200.0
1316,200.0
1317,200.0
1318,200.0
1319,200.0
1320,200.0
1321,200.0
1322,200.0
1323,200.0
1324,200.0
1325,200.0
1326,200.0
1327,200.0
1328,200.0
1329,200.0
1330,200.0
1331,200.0
1332,200.0
1333,200.0
1334,200.0
1335,200.0
1336,200.0
1337,200.0
1338,336.99999999999926
1339,334.9999999999992
1340,338.99999999999926
1341,200.0
1342,200.0
1343,200.0
1344,200.0
1345,200.0
1346,200.0
1347,200.0
1348,200.0
1349,200.0
1350,200.0
1351,200.0
1352,200.0
1353,200.0
1354,200.0
1355,200.0
1356,200.0
1357,200.0
1358,200.0
1359,335.9999999999992
1360,336.99999999999926
1361,334.9999999999992
1362,335.9999999999992
1363,200.0
1364,200.0
1365,200.0
1366,200.0
1367,338.99999999999926
1368,338.99999999999926
1369,200.0
1370,200.0
1371,200.0
1372,200.0
1373,336.99999999999926
1374,200.0
1375,336.99999999999926
1376,495.9999999999992
1377,200.0
1378,200.0
1379,200.0
1380,200.0
1381,200.0
1382,200.0
1383,200.0
1384,200.0
1385,200.0
1386,200.0
1387,200.0
1388,200.0
1389,200.0
1390,200.0
1391,499.49999999999926
1392,332.4999999999993
1393,496.9999999999992
1394,199.0
1395,199.0
1396,199.0
1397,199.0
1398,499.4999999999992
1399,197.5
1400,200.0
1401,200.0
1402,200.0
1403,200.0
1404,200.0
1405,200.0
1406,200.0
1407,200.0
1408,200.0
1409,200.0
1410,200.0
1411,200.0
1412,200.0
1413,200.0
1414,200.0
1415,200.0
1416,200.0
1417,200.0
1418,338.99999999999926
1419,338.99999999999926
1420,338.99999999999926
1421,335.9999999999992
1422,338.99999999999926
1423,335.9999999999992
1424,499.4999999999992
1425,198.5
1426,199.0
1427,496.99999999999926
1428,338.99999999999926
1429,499.49999999999926
1430,496.9999999999992
1431,494.4999999999992
1432,338.99999999999926
1433,338.99999999999926
1434,338.9999999999993
1435,338.99999999999926
1436,200.0
1437,200.0
1438,200.0
1439,200.0
1440,200.0
1441,200.0
1442,200.0
1443,200.0
1444,200.0
1445,200.0
1446,200.0
1447,200.0
1448,200.0
1449,200.0
1450,338.99999999999926
1451,499.49999999999926
1452,185.49999999999997
1453,499.4999999999992
1454,336.49999999999926
1455,338.99999999999926
1456,200.0
1457,200.0
1458,200.0
1459,200.0
1460,200.0
1461,200.0
1462,200.0
1463,200.0
1464,338.99999999999926
1465,334.9999999999992
1466,337.9999999999993
1467,199.0
1468,199.0
1469,199.0
1470,199.0
1471,199.0
1472,199.0
1473,199.0
1474,187.99999999999997
1475,585.4999999999998
1476,496.9999999999992
1477,196.5
1478,199.0
1479,199.0
1480,199.0
1481,199.0
1482,199.0
1483,199.0
1484,199.0
1485,199.0
1486,199.0
1487,199.0
1488,199.0
1489,199.0
1490,199.0
1491,199.0
1492,186.99999999999994
1493,186.99999999999994
1494,495.99999999999915
1495,335.9999999999992
1496,338.99999999999926
1497,338.99999999999926
1498,200.0
1499,200.0
1500,200.0
1501,338.99999999999926
1502,338.99999999999926
1503,496.9999999999992
1504,335.99999999999915
1505,499.49999999999926
1506,496.99999999999926
1507,496.99999999999926
1508,496.99999999999926
1509,496.99999999999926
1510,333.4999999999992
1511,338.99999999999926
1512,338.99999999999926
1513,335.9999999999993
1514,335.9999999999992
1515,200.0
1516,200.0
1517,200.0
1518,200.0
1519,200.0
1520,200.0
1521,200.0
1522,200.0
1523,200.0
1524,200.0
1525,200.0
1526,200.0
1527,200.0
1528,200.0
1529,200.0
1530,338.99999999999926
1531,336.99999999999926
1532,338.9999999999993
1533,338.99999999999926
1534,338.99999999999926
1535,336.99999999999926
1536,334.9999999999992
1537,499.4999999999991
1538,199.49999999999994
1539,201.99999999999994
1540,201.99999999999994
1541,199.0
1542,199.0
1543,602.9999999999997
1544,495.99999999999915
1545,577.0
1546,187.99999999999997
1547,499.4999999999992
1548,338.99999999999926
1549,496.99999999999926
1550,199.49999999999994
1551,201.99999999999994
1552,201.99999999999994
1553,558.9999999999999
1554,578.0
1555,602.9999999999998
1556,334.9999999999993
1557,496.9999999999991
1558,201.99999999999994
1559,496.9999999999993
1560,500.4999999999992
1561,497.9999999999992
1562,496.99999999999926
1563,337.4999999999993
1564,339.9999999999993
1565,341.49999999999926
1566,497.9999999999992
1567,497.9999999999992
1568,496.9999999999992
1569,496.9999999999992
1570,496.9999999999992
1571,496.9999999999991
1572,494.9999999999993
1573,494.9999999999993
1574,496.9999999999992
1575,496.9999999999992
1576,496.9999999999991
1577,186.5
1578,201.99999999999994
1579,201.99999999999994
1580,201.99999999999994
1581,201.99999999999994
1582,599.4999999999999
1583,494.9999999999993
1584,496.9999999999992
1585,497.9999999999992
1586,496.9999999999992
1587,199.49999999999994
1588,201.99999999999994
1589,342.4999999999993
1590,341.9999999999993
1591,199.49999999999994
1592,201.99999999999994
1593,201.99999999999994
1594,500.4999999999992
1595,496.9999999999992
1596,496.9999999999991
1597,186.5
1598,499.4999999999991
1599,496.9999999999992
1600,496.9999999999992
1601,496.9999999999992
1602,496.9999999999992
1603,496.9999999999991
1604,576.0
1605,558.9999999999999
1606,558.9999999999999
1607,576.0
1608,496.9999999999993
1609,496.9999999999992
1610,496.9999999999992
1611,497.9999999999992
1612,341.9999999999993
1613,199.49999999999994
1614,201.99999999999994
1615,500.4999999999992
1616,497.9999999999992
1617,497.9999999999992
1618,199.49999999999994
1619,201.99999999999994
1620,201.99999999999994
1621,201.99999999999994
1622,500.4999999999992
1623,496.9999999999992
1624,497.9999999999992
1625,497.9999999999992
1626,497.9999999999992
1627,497.9999999999992
1628,496.9999999999992
1629,497.9999999999992
1630,497.9999999999992
1631,199.49999999999994
1632,201.99999999999994
1633,201.99999999999994
1634,201.99999999999994
1635,201.99999999999994
1636,344.4999999999993
1637,341.9999999999993
1638,199.49999999999994
1639,201.99999999999994
1640,201.99999999999994
1641,201.99999999999994
1642,201.99999999999994
1643,500.4999999999992
1644,496.9999999999992
1645,496.9999999999992
1646,496.9999999999992
1647,497.9999999999992
1648,497.9999999999992
1649,497.9999999999992
1650,496.9999999999992
1651,496.9999999999992
1652,496.9999999999992
1653,495.99999999999915
1654,602.0
1655,186.5
1656,189.0
1657,341.49999999999926
1658,496.9999999999992
1659,497.9999999999992
1660,497.9999999999992
1661,339.9999999999993
1662,339.9999999999993
1663,497.9999999999992
1664,496.9999999999992
1665,496.9999999999991
1666,497.9999999999992
1667,199.49999999999994
1668,201.99999999999994
1669,201.99999999999994
1670,201.99999999999994
1671,201.99999999999994
1672,201.99999999999994
1673,201.99999999999994
1674,201.99999999999994
1675,201.99999999999994
1676,201.99999999999994
1677,201.99999999999994
1678,201.99999999999994
1679,201.99999999999994
1680,201.99999999999994
1681,201.99999999999994
1682,201.99999999999994
1683,201.99999999999994
1684,500.4999999999992
1685,497.9999999999992
1686,496.9999999999992
1687,496.9999999999992
1688,497.9999999999992
1689,497.9999999999992
1690,497.9999999999992
1691,497.9999999999992
1692,497.9999999999992
1693,497.9999999999992
1694,497.9999999999992
1695,497.9999999999992
1696,199.49999999999994
1697,201.99999999999994
1698,201.99999999999994
1699,201.99999999999994
1700,201.99999999999994
1701,201.99999999999994
1702,201.99999999999994
1703,500.4999999999992
1704,199.49999999999994
1705,500.4999999999992
1706,497.9999999999992
1707,496.9999999999992
1708,496.9999999999991
1709,496.9999999999992
1710,496.9999999999992
1711,497.9999999999992
1712,497.9999999999992
1713,496.9999999999992
1714,496.9999999999992
1715,497.9999999999992
1716,340.9999999999993
1717,497.9999999999992
1718,496.9999999999992
1719,496.9999999999992
1720,199.49999999999994
1721,201.99999999999994
1722,201.99999999999994
1723,500.4999999999992
1724,497.9999999999992
1725,497.9999999999992
1726,497.9999999999992
1727,497.9999999999992
1728,497.9999999999992
1729,497.9999999999992
1730,497.9999999999992
1731,497.9999999999992
1732,497.9999999999992
1733,497.9999999999992
1734,497.9999999999992
1735,497.9999999999992
1736,497.9999999999992
1737,496.9999999999992
1738,186.5
1739,593.5000000000001
1740,497.9999999999992
1741,497.9999999999992
1742,497.9999999999992
1743,497.9999999999992
1744,497.9999999999992
1745,497.9999999999992
1746,497.9999999999992
1747,613.5000000000005
1748,191.99999999999994
1749,197.99999999999997
1750,197.99999999999997
1751,197.99999999999997
1752,197.99999999999997
1753,197.99999999999997
1754,197.99999999999997
1755,197.99999999999997
1756,200.99999999999997
1757,200.99999999999997
1758,196.99999999999994
1759,196.99999999999994
1760,200.99999999999997
1761,197.99999999999997
1762,197.99999999999997
1763,197.99999999999997
1764,197.99999999999997
1765,197.99999999999997
1766,197.99999999999997
1767,197.99999999999997
1768,197.99999999999997
1769,197.99999999999997
1770,200.99999999999997
1771,201.99999999999994
1772,500.4999999999992
1773,496.9999999999992
1774,496.9999999999992
1775,558.9999999999999
1776,496.9999999999992
1777,198.49999999999997
1778,496.99999999999926
1779,201.99999999999994
1780,201.99999999999994
1781,196.99999999999994
1782,196.99999999999994
1783,200.99999999999997
1784,200.0
1785,200.0
1786,200.0
1787,200.0
1788,200.0
1789,197.99999999999997
1790,197.99999999999997
1791,197.99999999999997
1792,200.99999999999997
1793,200.99999999999997
1794,200.99999999999997
1795,197.99999999999997
1796,197.99999999999997
1797,197.99999999999997
1798,200.99999999999997
1799,196.99999999999994
1800,497.9999999999992
1801,499.4999999999992
1802,497.9999999999992
1803,495.4999999999992
1804,201.99999999999994
1805,201.99999999999994
1806,196.99999999999994
1807,200.99999999999997
1808,197.99999999999997
1809,197.99999999999997
1810,197.99999999999997
1811,200.99999999999997
1812,200.99999999999997
1813,196.99999999999994
1814,201.99999999999994
1815,339.9999999999993
1816,342.4999999999993
1817,497.9999999999992
1818,497.9999999999992
1819,496.9999999999992
1820,494.99999999999915
1821,494.9999999999992
1822,497.9999999999992
1823,497.9999999999992
1824,497.9999999999992
1825,497.9999999999992
1826,339.9999999999993
1827,199.49999999999994
1828,201.99999999999994
1829,339.9999999999993
1830,342.4999999999993
1831,339.9999999999993
1832,199.49999999999994
1833,196.99999999999994
1834,196.99999999999994
1835,196.99999999999994
1836,201.99999999999994
1837,201.99999999999994
1838,342.4999999999993
1839,497.9999999999992
1840,497.9999999999992
1841,199.49999999999994
1842,190.99999999999994
1843,337.4999999999993
1844,497.9999999999992
1845,497.9999999999992
1846,497.9999999999992
1847,497.9999999999992
1848,339.9999999999993
1849,339.9999999999993
1850,497.9999999999992
1851,495.9999999999993
1852,493.9999999999992
1853,497.9999999999992
1854,337.4999999999993
1855,342.4999999999993
1856,497.9999999999992
1857,496.9999999999992
1858,497.9999999999992
1859,336.49999999999926
1860,339.9999999999993
1861,339.9999999999993
1862,339.9999999999993
1863,201.99999999999994
1864,201.99999999999994
1865,201.99999999999994
1866,201.99999999999994
1867,201.99999999999994
1868,201.99999999999994
1869,201.99999999999994
1870,201.99999999999994
1871,201.99999999999994
1872,201.99999999999994
1873,339.9999999999993
1874,500.4999999999992
1875,497.9999999999992
1876,497.9999999999992
1877,339.9999999999993
1878,339.9999999999993
1879,339.9999999999993
1880,497.9999999999992
1881,497.9999999999992
1882,497.9999999999992
1883,497.9999999999992
1884,496.9999999999992
1885,496.9999999999992
1886,496.9999999999992
1887,496.9999999999992
1888,497.9999999999992
1889,199.49999999999994
1890,344.4999999999993
1891,341.9999999999993
1892,199.49999999999994
1893,201.99999999999994
1894,342.4999999999993
1895,339.9999999999993
1896,497.9999999999992
1897,496.9999999999992
1898,339.9999999999993
1899,339.9999999999993
1900,497.9999999999992
1901,497.9999999999992
1902,497.9999999999992
1903,497.9999999999992
1904,496.9999999999992
1905,496.9999999999992
1906,186.5
1907,189.0
1908,189.0
1909,189.0
1910,499.4999999999992
1911,339.9999999999993
1912,340.9999999999993
1913,339.9999999999993
1914,339.9999999999993
1915,339.9999999999993
1916,339.9999999999993
1917,497.9999999999992
1918,333.4999999999992
1919,342.4999999999993
1920,339.9999999999993
1921,497.9999999999992
1922,339.9999999999993
1923,339.9999999999993
1924,339.9999999999993
1925,497.9999999999992
1926,497.9999999999992
1927,497.9999999999992
1928,199.49999999999994
1929,201.99999999999994
1930,201.99999999999994
1931,201.99999999999994
1932,201.99999999999994
1933,201.99999999999994
1934,201.99999999999994
1935,342.4999999999993
1936,339.9999999999993
1937,497.9999999999992
1938,496.9999999999992
1939,497.9999999999992
1940,497.9999999999992
1941,199.49999999999994
1942,201.99999999999994
1943,201.99999999999994
1944,201.99999999999994
1945,201.99999999999994
1946,342.4999999999993
1947,339.9999999999993
1948,339.9999999999993
1949,497.9999999999992
1950,497.9999999999992
1951,339.9999999999993
1952,199.49999999999994
1953,201.99999999999994
1954,201.99999999999994
1955,342.4999999999993
1956,339.9999999999993
1957,336.4999999999993
1958,335.9999999999993
1959,500.4999999999992
1960,339.9999999999993
1961,339.9999999999993
1962,497.9999999999992
1963,496.9999999999992
1964,496.9999999999992
1965,496.9999999999992
1966,496.9999999999992
1967,577.9999999999997
1968,562.0
1969,559.9999999999999
1970,574.9999999999999
1971,557.9999999999998
1972,496.9999999999991
1973,496.9999999999992
1974,496.9999999999992
1975,333.4999999999992
1976,500.4999999999992
1977,497.9999999999992
1978,497.9999999999992
1979,497.9999999999992
1980,497.9999999999992
1981,199.49999999999994
1982,201.99999999999994
1983,201.99999999999994
1984,342.4999999999993
1985,497.9999999999992
1986,339.9999999999993
1987,199.49999999999994
1988,201.99999999999994
1989,201.99999999999994
1990,201.99999999999994
1991,201.99999999999994
1992,201.99999999999994
1993,342.4999999999993
1994,497.9999999999992
1995,497.9999999999992
1996,497.9999999999992
1997,497.9999999999992
1998,497.9999999999992
1999,497.9999999999992
2000,496.9999999999992
2001,497.9999999999992
2002,497.9999999999992
2003,339.9999999999993
2004,340.9999999999992
2005,339.9999999999993
2006,339.9999999999993
2007,496.9999999999992
2008,497.9999999999992
2009,188.49999999999997
2010,344.4999999999993
2011,341.9999999999993
2012,199.49999999999994
2013,201.99999999999994
2014,201.99999999999994
2015,201.99999999999994
2016,201.99999999999994
2017,201.99999999999994
2018,201.99999999999994
2019,201.99999999999994
2020,342.4999999999993
2021,497.9999999999992
2022,496.9999999999991
2023,496.9999999999991
2024,199.49999999999994
2025,201.99999999999994
2026,344.4999999999993
2027,341.9999999999993
2028,341.9999999999993
2029,339.9999999999993
2030,199.49999999999994
2031,201.99999999999994
2032,342.4999999999993
2033,497.9999999999992
2034,497.9999999999992
2035,496.9999999999991
2036,496.9999999999992
2037,496.9999999999992
2038,496.9999999999992
2039,186.5
2040,189.0
2041,334.9999999999992
2042,500.4999999999992
2043,497.9999999999992
2044,497.9999999999992
2045,198.49999999999997
2046,197.99999999999997
2047,200.99999999999997
2048,200.99999999999997
2049,200.99999999999997
2050,200.99999999999997
2051,200.99999999999997
2052,200.99999999999997
2053,200.99999999999997
2054,200.99999999999997
2055,200.99999999999997
2056,200.99999999999997
2057,200.99999999999997
2058,200.99999999999997
2059,200.99999999999997
2060,200.99999999999997
2061,200.99999999999997
2062,200.99999999999997
2063,200.99999999999997
2064,200.99999999999997
2065,200.99999999999997
2066,200.99999999999997
2067,200.99999999999997
2068,338.99999999999926
2069,338.99999999999926
2070,338.99999999999926
2071,196.99999999999994
2072,200.99999999999997
2073,200.99999999999997
2074,200.99999999999997
2075,200.99999999999997
2076,197.99999999999997
2077,197.99999999999997
2078,197.99999999999997
2079,197.99999999999997
2080,200.99999999999997
2081,200.99999999999997
2082,200.99999999999997
2083,200.99999999999997
2084,200.99999999999997
2085,200.99999999999997
2086,196.99999999999994
2087,338.99999999999926
2088,339.9999999999993
2089,339.9999999999993
2090,339.9999999999993
2091,339.9999999999993
2092,339.9999999999992
2093,339.9999999999992
2094,500.4999999999992
2095,578.9999999999998
2096,578.9999999999998
2097,576.9999999999998
2098,576.9999999999998
2099,578.9999999999998
2100,578.9999999999998
2101,578.9999999999998
2102,332.4999999999992
2103,339.9999999999993
2104,339.9999999999992
2105,334.9999999999992
2106,339.9999999999993
2107,196.99999999999994
2108,196.99999999999994
2109,200.99999999999997
2110,196.99999999999994
2111,196.99999999999994
2112,196.99999999999994
2113,196.99999999999994
2114,196.99999999999994
2115,196.99999999999994
2116,196.99999999999994
2117,200.99999999999997
2118,196.99999999999994
2119,196.99999999999994
2120,339.9999999999993
2121,339.9999999999993
2122,339.9999999999993
2123,339.9999999999993
2124,339.9999999999993
2125,196.99999999999994
2126,196.99999999999994
2127,196.99999999999994
2128,196.99999999999994
2129,200.99999999999997
2130,196.99999999999994
2131,196.99999999999994
2132,196.99999999999994
2133,196.99999999999994
2134,196.99999999999994
2135,196.99999999999994
2136,196.99999999999994
2137,196.99999999999994
2138,339.9999999999993
2139,339.9999999999993
2140,339.9999999999993
2141,339.9999999999993
2142,339.9999999999993
2143,339.9999999999993
2144,339.9999999999993
2145,339.9999999999993
2146,339.9999999999993
2147,339.9999999999993
2148,339.9999999999992
2149,500.4999999999992
2150,497.9999999999992
2151,604.0
2152,576.9999999999998
2153,497.9999999999992
2154,337.4999999999993
2155,339.9999999999993
2156,335.9999999999992
2157,499.4999999999992
2158,496.9999999999992
2159,497.9999999999992
2160,497.9999999999992
2161,494.49999999999926
2162,339.9999999999993
2163,339.9999999999993
2164,201.99999999999994
2165,201.99999999999994
2166,201.99999999999994
2167,201.99999999999994
2168,201.99999999999994
2169,201.99999999999994
2170,201.99999999999994
2171,201.99999999999994
2172,201.99999999999994
2173,338.99999999999926
2174,500.4999999999992
2175,496.9999999999992
2176,496.9999999999992
2177,497.9999999999992
2178,497.9999999999992
2179,496.9999999999992
2180,496.9999999999992
2181,496.9999999999992
2182,496.9999999999992
2183,497.9999999999992
2184,497.9999999999992
2185,497.9999999999992
2186,497.9999999999992
2187,497.9999999999992
2188,336.49999999999926
2189,496.99999999999926
2190,500.4999999999992
2191,497.9999999999992
2192,497.9999999999992
2193,334.49999999999926
2194,338.99999999999926
2195,339.9999999999993
2196,500.4999999999992
2197,339.9999999999993
2198,339.9999999999993
2199,339.9999999999993
2200,497.9999999999992
2201,497.9999999999992
2202,497.9999999999992
2203,497.9999999999992
2204,497.9999999999992
2205,497.9999999999992
2206,497.9999999999992
2207,497.9999999999992
2208,497.9999999999992
2209,497.9999999999992
2210,497.9999999999992
2211,496.9999999999992
2212,496.9999999999992
2213,496.9999999999992
2214,496.9999999999992
2215,497.9999999999992
2216,199.49999999999994
2217,500.4999999999992
2218,497.9999999999992
2219,497.9999999999992
2220,497.9999999999992
2221,497.9999999999992
2222,336.49999999999926
2223,338.99999999999926
2224,500.4999999999992
2225,496.9999999999992
2226,496.9999999999992
2227,497.9999999999992
2228,496.9999999999992
2229,497.9999999999992
2230,497.9999999999992
2231,199.49999999999994
2232,500.4999999999992
2233,496.9999999999992
2234,497.9999999999992
2235,497.9999999999992
2236,497.9999999999992
2237,497.9999999999992
2238,496.9999999999992
2239,497.9999999999992
2240,497.9999999999992
2241,497.9999999999992
2242,497.9999999999992
2243,497.9999999999992
2244,497.9999999999992
2245,497.9999999999992
2246,497.9999999999992
2247,497.9999999999992
2248,496.9999999999992
2249,587.9999999999997
2250,577.0
2251,496.9999999999992
2252,497.9999999999992
2253,497.9999999999992
2254,497.9999999999992
2255,497.9999999999992
2256,497.9999999999992
2257,497.9999999999992
2258,497.9999999999992
2259,496.9999999999992
2260,496.9999999999992
2261,496.9999999999992
2262,604.0
2263,604.0
2264,604.0
2265,496.9999999999992
2266,497.9999999999992
2267,497.9999999999992
2268,496.9999999999992
2269,496.9999999999992
2270,496.9999999999992
2271,604.0
2272,497.9999999999992
2273,497.9999999999992
2274,497.9999999999992
2275,497.9999999999992
2276,497.9999999999992
2277,497.9999999999992
2278,497.9999999999992
2279,497.9999999999992
2280,496.9999999999992
2281,495.99999999999915
2282,495.99999999999915
2283,497.9999999999992
2284,497.9999999999992
2285,497.9999999999992
2286,497.9999999999992
2287,496.9999999999992
2288,496.9999999999992
2289,496.9999999999992
2290,496.9999999999992
2291,496.9999999999992
2292,495.99999999999915
2293,496.9999999999992
2294,497.9999999999992
2295,497.9999999999992
2296,497.9999999999992
2297,199.49999999999994
2298,201.99999999999994
2299,500.4999999999992
2300,497.9999999999992
2301,497.9999999999992
2302,497.9999999999992
2303,497.9999999999992
2304,497.9999999999992
2305,497.9999999999992
2306,497.9999999999992
2307,497.9999999999992
2308,496.9999999999992
2309,496.9999999999992
2310,497.9999999999992
2311,497.9999999999992
2312,497.9999999999992
2313,497.9999999999992
2314,497.9999999999992
2315,497.9999999999992
2316,497.9999999999992
2317,497.9999999999992
2318,497.9999999999992
2319,497.9999999999992
2320,496.9999999999992
2321,496.9999999999992
2322,497.9999999999992
2323,497.9999999999992
2324,497.9999999999992
2325,497.9999999999992
2326,497.9999999999992
2327,497.9999999999992
2328,497.9999999999992
2329,497.9999999999992
2330,497.9999999999992
2331,496.9999999999992
2332,199.49999999999994
2333,201.99999999999994
2334,201.99999999999994
2335,500.4999999999992
2336,496.9999999999992
2337,604.0
2338,497.9999999999992
2339,497.9999999999992
2340,339.9999999999993
2341,497.9999999999992
2342,497.9999999999992
2343,604.0
2344,604.0
2345,559.9999999999999
2346,604.0
2347,497.9999999999992
2348,577.9999999999997
2349,497.9999999999992
2350,497.9999999999992
2351,497.9999999999992
2352,604.0
2353,497.9999999999992
2354,497.9999999999992
2355,497.9999999999992
2356,497.9999999999992
2357,497.9999999999992
2358,604.0
2359,604.0
2360,604.0
2361,497.9999999999992
2362,497.9999999999992
2363,497.9999999999992
2364,497.9999999999992
2365,497.9999999999992
2366,497.9999999999992
2367,497.9999999999992
2368,604.0
2369,604.0
2370,557.9999999999998
2371,576.9999999999998
2372,604.0
2373,604.0
2374,604.0
2375,604.0
2376,604.0
2377,604.0
2378,497.9999999999992
2379,497.9999999999992
2380,339.9999999999993
2381,497.9999999999992
2382,604.0
2383,604.0
2384,604.0
2385,604.0
2386,497.9999999999992
2387,497.9999999999992
2388,497.9999999999992
2389,497.9999999999992
2390,497.9999999999992
2391,604.0
2392,497.9999999999992
2393,497.9999999999992
2394,604.0
2395,604.0
2396,604.0
2397,604.0
2398,604.0
2399,604.0
2400,497.9999999999992
2401,497.9999999999992
2402,604.0
2403,604.0
2404,497.9999999999992
2405,336.49999999999926
2406,342.4999999999993
2407,497.9999999999992
2408,604.0
2409,604.0
2410,604.0
2411,604.0
2412,604.0
2413,497.9999999999992
2414,497.9999999999992
2415,604.0
2416,576.9999999999998
2417,604.0
2418,604.0
2419,497.9999999999992
2420,497.9999999999992
2421,497.9999999999992
2422,497.9999999999992
2423,199.49999999999994
2424,500.4999999999992
2425,497.9999999999992
2426,497.9999999999992
2427,497.9999999999992
2428,497.9999999999992
2429,497.9999999999992
2430,497.9999999999992
2431,497.9999999999992
2432,604.0
2433,604.0
2434,604.0
2435,604.0
2436,604.0
2437,604.0
2438,604.0
2439,604.0
2440,497.9999999999992
2441,497.9999999999992
2442,497.9999999999992
2443,497.9999999999992
2444,497.9999999999992
2445,497.9999999999992
2446,497.9999999999992
2447,497.9999999999992
2448,604.0
2449,497.9999999999992
2450,497.9999999999992
2451,604.0
2452,604.0
2453,604.0
2454,604.0
2455,604.0
2456,623.5000000000016
2457,621.0000000000015
2458,601.5
2459,604.0
2460,604.0
2461,604.0
2462,604.0
2463,604.0
2464,604.0
2465,604.0
2466,604.0
2467,497.9999999999992
2468,337.4999999999993
2469,500.4999999999992
2470,604.0
2471,604.0
2472,604.0
2473,604.0
2474,604.0
2475,604.0
2476,604.0
2477,604.0
2478,604.0
2479,604.0
2480,604.0
2481,625.5000000000016
2482,601.5
2483,625.5000000000016
2484,495.4999999999992
2485,497.9999999999992
2486,497.9999999999992
2487,604.0
2488,604.0
2489,604.0
2490,604.0
2491,604.0
2492,604.0
2493,625.5000000000016
2494,601.5
2495,604.0
2496,604.0
2497,604.0
2498,497.9999999999992
2499,497.9999999999992
2500,604.0
2501,604.0
2502,604.0
2503,497.9999999999992
2504,497.9999999999992
2505,625.5000000000016
2506,601.5
2507,604.0
2508,604.0
2509,604.0
2510,604.0
2511,604.0
2512,604.0
2513,604.0
2514,604.0
2515,604.0
2516,604.0
2517,604.0
2518,604.0
2519,604.0
2520,604.0
2521,604.0
2522,604.0
2523,604.0
2524,604.0
2525,604.0
2526,623.5000000000016
2527,495.4999999999992
2528,497.9999999999992
2529,623.5000000000016
2530,621.0000000000015
2531,621.0000000000015
2532,621.0000000000015
2533,623.0000000000015
2534,623.0000000000015
2535,623.0000000000015
2536,601.5
2537,623.5000000000016
2538,621.0000000000015
2539,495.4999999999992
2540,497.9999999999992
2541,625.5000000000016
2542,621.0000000000015
2543,621.0000000000015
2544,621.0000000000015
2545,601.5
2546,604.0
2547,623.5000000000016
2548,621.0000000000015
2549,621.0000000000015
2550,621.0000000000015
2551,621.0000000000015
2552,621.0000000000015
2553,621.0000000000015
2554,621.0000000000015
2555,495.4999999999992
2556,497.9999999999992
2557,623.5000000000016
2558,601.5
2559,604.0
2560,625.5000000000016
2561,495.4999999999992
2562,625.5000000000016
2563,601.5
2564,604.0
2565,604.0
2566,604.0
2567,604.0
2568,604.0
2569,604.0
2570,604.0
2571,604.0
2572,623.5000000000016
2573,601.5
2574,604.0
2575,604.0
2576,625.5000000000016
2577,623.0000000000015
2578,623.0000000000015
2579,623.0000000000015
2580,623.0000000000015
2581,601.5
2582,604.0
2583,604.0
2584,604.0
2585,604.0
2586,625.5000000000016
2587,601.5
2588,604.0
2589,604.0
2590,625.5000000000016
2591,623.0000000000015
2592,623.0000000000015
2593,623.0000000000015
2594,601.5
2595,604.0
2596,623.5000000000016
2597,621.0000000000015
2598,601.5
2599,604.0
2600,604.0
2601,604.0
2602,604.0
2603,625.5000000000016
2604,337.4999999999993
2605,625.5000000000016
2606,601.5
2607,623.5000000000016
2608,621.0000000000015
2609,621.0000000000015
2610,621.0000000000015
2611,621.0000000000015
2612,621.0000000000015
2613,621.0000000000015
2614,601.5
2615,604.0
2616,604.0
2617,604.0
2618,623.5000000000016
2619,621.0000000000015
2620,601.5
2621,604.0
2622,604.0
2623,623.5000000000016
2624,601.5
2625,604.0
2626,623.5000000000016
2627,621.0000000000015
2628,601.5
2629,604.0
2630,623.5000000000016
2631,621.0000000000015
2632,621.0000000000015
2633,601.5
2634,604.0
2635,604.0
2636,623.5000000000016
2637,621.0000000000015
2638,621.0000000000015
2639,621.0000000000015
2640,621.0000000000015
2641,623.0000000000015
2642,623.0000000000015
2643,601.5
2644,604.0
2645,604.0
2646,625.5000000000016
2647,621.0000000000015
2648,601.5
2649,604.0
2650,604.0
2651,604.0
2652,604.0
2653,604.0
2654,604.0
2655,604.0
2656,604.0
2657,604.0
2658,604.0
2659,604.0
2660,623.5000000000016
2661,621.0000000000015
2662,621.0000000000015
2663,621.0000000000015
2664,621.0000000000015
2665,621.0000000000015
2666,621.0000000000015
2667,601.5
2668,604.0
2669,604.0
2670,604.0
2671,604.0
2672,604.0
2673,604.0
2674,604.0
2675,604.0
2676,623.5000000000016
2677,621.0000000000015
2678,601.5
2679,604.0
2680,604.0
2681,604.0
2682,604.0
2683,604.0
2684,604.0
2685,604.0
2686,623.5000000000016
2687,621.0000000000015
2688,621.0000000000015
2689,621.0000000000015
2690,621.0000000000015
2691,621.0000000000015
2692,621.0000000000015
2693,621.0000000000015
2694,621.0000000000015
2695,621.0000000000015
2696,621.0000000000015
2697,621.0000000000015
2698,621.0000000000015
2699,601.5
2700,604.0
2701,623.5000000000016
2702,621.0000000000015
2703,621.0000000000015
2704,621.0000000000015
2705,621.0000000000015
2706,621.0000000000015
2707,621.0000000000015
2708,621.0000000000015
2709,621.0000000000015
2710,621.0000000000015
2711,601.5
2712,604.0
2713,604.0
2714,604.0
2715,604.0
2716,623.5000000000016
2717,621.0000000000015
2718,621.0000000000015
2719,621.0000000000015
2720,621.0000000000015
2721,601.5
2722,604.0
2723,623.5000000000016
2724,621.0000000000015
2725,621.0000000000015
2726,621.0000000000015
2727,621.0000000000015
2728,621.0000000000015
2729,621.0000000000015
2730,601.5
2731,604.0
2732,604.0
2733,604.0
2734,623.5000000000016
2735,621.0000000000015
2736,621.0000000000015
2737,621.0000000000015
2738,621.0000000000015
2739,621.0000000000015
2740,621.0000000000015
2741,621.0000000000015
2742,621.0000000000015
2743,621.0000000000015
2744,621.0000000000015
2745,621.0000000000015
2746,621.0000000000015
2747,621.0000000000015
2748,621.0000000000015
2749,621.0000000000015
2750,621.0000000000015
2751,621.0000000000015
2752,601.5
2753,604.0
2754,604.0
2755,623.5000000000016
2756,621.0000000000015
2757,621.0000000000015
2758,621.0000000000015
2759,621.0000000000015
2760,621.0000000000015
2761,621.0000000000015
2762,621.0000000000015
2763,621.0000000000015
2764,621.0000000000015
2765,621.0000000000015
2766,621.0000000000015
2767,621.0000000000015
2768,621.0000000000015
2769,621.0000000000015
2770,621.0000000000015
2771,621.0000000000015
2772,621.0000000000015
2773,2078.0000000000055
2774,616.0000000000011
2775,621.0000000000015
2776,621.0000000000015
2777,621.0000000000015
2778,621.0000000000015
2779,621.0000000000015
2780,621.0000000000015
2781,621.0000000000015
2782,621.0000000000015
2783,621.0000000000015
2784,621.0000000000015
2785,621.0000000000015
2786,621.0000000000015
2787,621.0000000000015
2788,621.0000000000015
2789,621.0000000000015
2790,621.0000000000015
2791,621.0000000000015
2792,621.0000000000015
2793,621.0000000000015
2794,621.0000000000015
2795,621.0000000000015
2796,621.0000000000015
2797,621.0000000000015
2798,621.0000000000015
2799,621.0000000000015
2800,621.0000000000015
2801,621.0000000000015
2802,621.0000000000015
2803,621.0000000000015
2804,621.0000000000015
2805,621.0000000000015
2806,621.0000000000015
2807,621.0000000000015
2808,621.0000000000015
2809,621.0000000000015
2810,621.0000000000015
2811,621.0000000000015
2812,621.0000000000015
2813,621.0000000000015
2814,621.0000000000015
2815,621.0000000000015
2816,621.0000000000015
2817,621.0000000000015
2818,621.0000000000015
2819,621.0000000000015
2820,621.0000000000015
2821,621.0000000000015
2822,621.0000000000015
2823,621.0000000000015
2824,621.0000000000015
2825,621.0000000000015
2826,621.0000000000015
2827,621.0000000000015
2828,621.0000000000015
2829,621.0000000000015
2830,621.0000000000015
2831,621.0000000000015
2832,621.0000000000015
2833,621.0000000000015
2834,621.0000000000015
2835,621.0000000000015
2836,621.0000000000015
2837,621.0000000000015
2838,621.0000000000015
2839,621.0000000000015
2840,621.0000000000015
2841,621.0000000000015
2842,621.0000000000015
2843,621.0000000000015
2844,621.0000000000015
2845,621.0000000000015
2846,621.0000000000015
2847,621.0000000000015
2848,621.0000000000015
2849,621.0000000000015
2850,621.0000000000015
2851,621.0000000000015
2852,621.0000000000015
2853,621.0000000000015
2854,621.0000000000015
2855,621.0000000000015
2856,621.0000000000015
2857,620.0000000000014
2858,2098.5000000000045
2859,618.5000000000013
2860,621.0000000000015
2861,621.0000000000015
2862,621.0000000000015
2863,620.0000000000014
2864,620.0000000000014
2865,620.0000000000014
2866,621.0000000000015
2867,620.0000000000014
2868,620.0000000000014
2869,621.0000000000015
2870,621.0000000000015
2871,621.0000000000015
2872,621.0000000000015
2873,621.0000000000015
2874,621.0000000000015
2875,621.0000000000015
2876,621.0000000000015
2877,621.0000000000015
2878,621.0000000000015
2879,621.0000000000015
2880,621.0000000000015
2881,621.0000000000015
2882,621.0000000000015
2883,621.0000000000015
2884,621.0000000000015
2885,621.0000000000015
2886,621.0000000000015
2887,621.0000000000015
2888,621.0000000000015
2889,621.0000000000015
2890,621.0000000000015
2891,621.0000000000015
2892,621.0000000000015
2893,621.0000000000015
2894,621.0000000000015
2895,621.0000000000015
2896,621.0000000000015
2897,621.0000000000015
2898,621.0000000000015
2899,621.0000000000015
2900,621.0000000000015
2901,621.0000000000015
2902,621.0000000000015
2903,621.0000000000015
2904,620.0000000000014
2905,620.0000000000014
2906,620.0000000000014
2907,620.0000000000014
2908,620.0000000000014
2909,620.0000000000014
2910,621.0000000000015
2911,620.0000000000014
2912,620.0000000000014
2913,620.0000000000014
2914,620.0000000000014
2915,620.0000000000014
2916,620.0000000000014
2917,620.0000000000014
2918,620.0000000000014
2919,621.0000000000015
2920,620.0000000000014
2921,621.0000000000015
2922,621.0000000000015
2923,621.0000000000015
2924,621.0000000000015
2925,621.0000000000015
2926,620.0000000000014
2927,620.0000000000014
2928,620.0000000000014
2929,620.0000000000014
2930,620.0000000000014
2931,621.0000000000015
2932,621.0000000000015
2933,620.0000000000014
2934,620.0000000000014
2935,620.0000000000014
2936,620.0000000000014
2937,620.0000000000014
2938,620.0000000000014
2939,2100.5000000000045
2940,2239.0000000000045
2941,617.5000000000013
2942,620.0000000000014
2943,620.0000000000014
2944,620.0000000000014
2945,620.0000000000014
2946,620.0000000000014
2947,620.0000000000014
2948,620.0000000000014
2949,620.0000000000014
2950,620.0000000000014
2951,620.0000000000014
2952,621.0000000000015
2953,621.0000000000015
2954,620.0000000000014
2955,620.0000000000014
2956,620.0000000000014
2957,620.0000000000014
2958,621.0000000000015
2959,621.0000000000015
2960,621.0000000000015
2961,620.0000000000014
2962,620.0000000000014
2963,743.5000000000023
2964,2078.5000000000055
2965,615.000000000001
2966,620.0000000000014
2967,620.0000000000014
2968,620.0000000000014
2969,621.0000000000015
2970,620.0000000000014
2971,620.0000000000014
2972,620.0000000000014
2973,620.0000000000014
2974,620.0000000000014
2975,620.0000000000014
2976,620.0000000000014
2977,620.0000000000014
2978,620.0000000000014
2979,620.0000000000014
2980,620.0000000000014
2981,620.0000000000014
2982,620.0000000000014
2983,620.0000000000014
2984,620.0000000000014
2985,620.0000000000014
2986,620.0000000000014
2987,620.0000000000014
2988,621.0000000000015
2989,620.0000000000014
2990,620.0000000000014
2991,620.0000000000014
2992,620.0000000000014
2993,620.0000000000014
2994,620.0000000000014
2995,620.0000000000014
2996,620.0000000000014
2997,620.0000000000014
2998,620.0000000000014
2999,620.0000000000014
3000,2100.5000000000045
3001,2098.0000000000045
3002,2097.0000000000045
3003,617.5000000000013
3004,620.0000000000014
3005,2100.5000000000045
3006,741.0000000000023
3007,617.5000000000013
3008,621.0000000000015
3009,620.0000000000014
3010,620.0000000000014
3011,620.0000000000014
3012,620.0000000000014
3013,620.0000000000014
3014,620.0000000000014
3015,620.0000000000014
3016,3414.499999999999
3017,3405.999999999999
3018,3414.0
3019,3413.999999999999
3020,2233.000000000005
3021,741.0000000000023
3022,741.0000000000023
3023,617.5000000000013
3024,620.0000000000014
3025,620.0000000000014
3026,743.5000000000023
3027,2850.999999999989
3028,3400.999999999998
3029,2717.4999999999905
3030,610.0000000000007
3031,620.0000000000014
3032,2098.5000000000045
3033,2096.0000000000045
3034,2096.0000000000045
3035,3406.9999999999986
3036,2834.99999999999
3037,2096.000000000004
3038,3404.0
3039,617.5000000000013
3040,620.0000000000014
3041,620.0000000000014
3042,620.0000000000014
3043,620.0000000000014
3044,2839.49999999999
3045,3408.0
3046,2237.0000000000045
3047,2236.0000000000045
3048,2235.000000000005
3049,3408.9999999999986
3050,3405.9999999999986
3051,3406.9999999999986
3052,2236.0000000000045
3053,2235.000000000005
3054,2232.000000000005
3055,2238.0000000000045
3056,2238.0000000000045
3057,2238.0000000000045
3058,2458.0000000000045
3059,2716.49999999999
3060,2450.5000000000045
3061,2459.000000000005
3062,2098.0000000000045
3063,2238.0000000000045
3064,617.5000000000013
3065,620.0000000000014
3066,743.5000000000023
3067,3397.999999999997
3068,617.5000000000013
3069,2838.49999999999
3070,617.5000000000013
3071,620.0000000000014
3072,2098.5000000000045
3073,2096.0000000000045
3074,2098.0000000000045
3075,2097.0000000000045
3076,2097.0000000000045
3077,2458.0000000000045
3078,2048.0000000000045
3079,617.5000000000013
3080,2239.500000000005
3081,2095.000000000004
3082,617.5000000000013
3083,620.0000000000014
3084,620.0000000000014
3085,620.0000000000014
3086,620.0000000000014
3087,2239.5000000000045
3088,3390.999999999995
3089,2236.0000000000045
3090,2096.0000000000045
3091,3390.9999999999955
3092,2047.0000000000073
3093,617.5000000000013
3094,620.0000000000014
3095,620.0000000000014
3096,2099.5000000000045
3097,2239.0000000000045
3098,2239.0000000000045
3099,2098.0000000000045
3100,2098.0000000000045
3101,2098.0000000000045
3102,2239.0000000000045
3103,2060.0000000000064
3104,2096.0000000000045
3105,2096.0000000000045
3106,2096.0000000000045
3107,2054.000000000007
3108,3408.0
3109,3408.0
3110,2458.0000000000045
3111,2458.0000000000045
3112,2682.500000000001
3113,2673.0000000000014
3114,2218.5000000000045
3115,2217.0000000000045
3116,2239.0000000000045
3117,2239.0000000000045
3118,2239.0000000000045
3119,2239.0000000000045
3120,2239.0000000000045
3121,2239.0000000000045
3122,2239.0000000000045
3123,2224.0000000000045
3124,2459.000000000005
3125,2459.000000000005
3126,2749.4999999999914
3127,2452.5000000000045
3128,2779.49999999999
3129,2451.5000000000045
3130,2459.0000000000045
3131,2459.0000000000045
3132,2459.000000000005
3133,2459.000000000005
3134,2460.0000000000045
3135,2459.0000000000045
3136,2777.499999999991
3137,2089.5000000000045
3138,2097.0000000000045
3139,2459.0000000000045
3140,2459.0000000000045
3141,2691.5
3142,2850.99999999999
3143,2763.999999999989
3144,2609.500000000002
3145,3413.000000000001
3146,2458.000000000005
3147,3413.999999999999
3148,2843.9999999999877
3149,2457.0000000000045
3150,2830.9999999999845
3151,2459.000000000005
3152,2459.000000000005
3153,3377.999999999993
3154,2239.0000000000045
3155,2239.0000000000045
3156,2239.0000000000045
3157,2458.0000000000045
3158,2458.0000000000045
3159,2457.0000000000045
3160,3380.9999999999945
3161,2459.0000000000045
3162,3376.9999999999955
3163,2459.000000000005
3164,2459.000000000005
3165,2459.000000000005
3166,2459.000000000005
3167,2459.0000000000045
3168,2459.0000000000045
3169,2459.0000000000045
3170,2459.0000000000045
3171,2459.0000000000045
3172,2459.0000000000045
3173,2459.000000000005
3174,2459.000000000005
3175,2459.000000000005
3176,2459.000000000005
3177,2605.000000000002
3178,2459.000000000005
3179,2459.000000000005
3180,2459.000000000005
3181,2459.000000000005
3182,2459.0000000000045
3183,2459.0000000000045
3184,2459.0000000000045
3185,2458.0000000000045
3186,2458.0000000000045
3187,3409.999999999998
3188,3405.9999999999986
3189,2458.0000000000045
3190,2458.0000000000045
3191,2458.0000000000045
3192,2458.0000000000045
3193,2459.0000000000045
3194,2457.0000000000055
3195,2457.0000000000055
3196,2267.0000000000045
3197,3415.0
3198,3407.0
3199,2458.0000000000045
3200,2458.0000000000045
3201,2458.0000000000045
3202,2458.0000000000045
3203,2458.0000000000045
3204,2833.999999999988
3205,2458.0000000000045
3206,2459.0000000000045
3207,2459.0000000000045
3208,3400.9999999999973
3209,3414.0
3210,2619.000000000001
3211,2619.000000000001
3212,2619.000000000001
3213,2849.999999999989
3214,2459.0000000000045
3215,2459.0000000000045
3216,3414.0
3217,3409.0
3218,2849.999999999989
3219,3390.999999999994
3220,2994.9999999999854
3221,3415.0
3222,3416.0
3223,2224.0000000000045
3224,2224.0000000000045
3225,2459.0000000000045
3226,2459.0000000000045
3227,3415.0
3228,3408.9999999999986
3229,3411.999999999999
3230,2849.99999999999
3231,2459.0000000000045
3232,2459.0000000000045
3233,3391.9999999999964
3234,3403.0
3235,2458.0000000000045
3236,3410.9999999999995
3237,3411.0
3238,2459.0000000000045
3239,3409.0
3240,3409.0
3241,2459.0000000000045
3242,2459.0000000000045
3243,2459.0000000000045
3244,2459.0000000000045
3245,2459.0000000000045
3246,2459.0000000000045
3247,3411.5000000000005
3248,3404.0000000000005
3249,2459.0000000000045
3250,2459.0000000000045
3251,2456.5000000000045
3252,2459.0000000000045
3253,2459.0000000000045
3254,2459.0000000000045
3255,3414.0000000000005
3256,2820.499999999989
3257,2460.0000000000045
3258,2456.5000000000045
3259,2459.0000000000045
3260,3412.999999999999
3261,3414.0000000000005
3262,3412.9999999999995
3263,2459.0000000000045
3264,2459.0000000000045
3265,2459.0000000000045
3266,2616.5000000000014
3267,3405.999999999999
3268,2802.499999999988
3269,2816.4999999999895
3270,2817.999999999989
3271,3384.9999999999945
3272,2460.0000000000045
3273,2460.0000000000045
3274,3407.5
3275,3408.0
3276,2459.0000000000045
3277,2817.999999999989
3278,2459.0000000000045
3279,2461.500000000005
3280,2459.0000000000045
3281,2459.0000000000045
3282,2458.0000000000045
3283,2460.0000000000045
3284,2460.0000000000045
3285,2460.0000000000045
3286,2460.0000000000045
3287,3409.9999999999995
3288,2456.5000000000045
3289,2461.500000000005
3290,2459.0000000000045
3291,2459.0000000000045
3292,2459.0000000000045
3293,2459.0000000000045
3294,2690.5
3295,2845.4999999999886
3296,2456.5000000000045
3297,2459.0000000000045
3298,2461.500000000005
3299,2459.0000000000045
3300,2459.0000000000045
3301,2458.0000000000045
3302,2818.9999999999895
3303,2459.0000000000045
3304,2459.0000000000045
3305,2457.0000000000045
3306,3412.0
3307,2458.0000000000045
3308,2457.0000000000045
3309,2458.0000000000045
3310,2459.0000000000045
3311,2459.0000000000045
3312,2459.0000000000045
3313,2459.0000000000045
3314,2459.0000000000045
3315,2459.0000000000045
3316,2459.0000000000045
3317,2459.0000000000045
3318,2459.0000000000045
3319,2459.0000000000045
3320,2459.0000000000045
3321,2459.0000000000045
3322,2459.0000000000045
3323,2459.0000000000045
3324,2459.0000000000045
3325,2459.0000000000045
3326,2459.0000000000045
3327,2459.0000000000045
3328,2775.4999999999886
3329,2768.999999999989
3330,2457.5000000000045
3331,2460.0000000000045
3332,2460.0000000000045
3333,2772.4999999999905
3334,2456.5000000000045
3335,2459.0000000000045
3336,2459.0000000000045
3337,2459.0000000000045
3338,2459.0000000000045
3339,2459.0000000000045
3340,2459.0000000000045
3341,2770.499999999989
3342,2845.499999999989
3343,2458.0000000000045
3344,2459.0000000000045
3345,2459.0000000000045
3346,2459.0000000000045
3347,2459.0000000000045
3348,2459.0000000000045
3349,2459.0000000000045
3350,3408.0
3351,2765.499999999988
3352,3412.4999999999995
3353,2459.0000000000045
3354,2458.0000000000045
3355,2459.0000000000045
3356,2459.0000000000045
3357,2459.0000000000045
3358,3407.9999999999995
3359,2801.499999999988
3360,2456.5000000000045
3361,3407.4999999999977
3362,2456.5000000000045
3363,2459.0000000000045
3364,2459.0000000000045
3365,2459.0000000000045
3366,2458.0000000000045
3367,2459.0000000000045
3368,2458.0000000000045
3369,2459.0000000000045
3370,2458.0000000000045
3371,2459.0000000000045
3372,2459.0000000000045
3373,2459.0000000000045
3374,2459.0000000000045
3375,2760.4999999999886
3376,2608.5000000000014
3377,3406.999999999998
3378,2772.49999999999
3379,3404.499999999998
3380,3405.9999999999986
3381,2459.0000000000045
3382,2459.0000000000045
3383,2459.0000000000045
3384,2459.0000000000045
3385,2459.0000000000045
3386,2459.0000000000045
3387,3408.999999999997
3388,3406.9999999999986
3389,3404.999999999998
3390,2460.0000000000045
3391,2460.0000000000045
3392,2849.9999999999886
3393,2459.0000000000045
3394,2459.0000000000045
3395,2459.0000000000045
3396,2459.0000000000045
3397,2459.0000000000045
3398,2844.999999999989
3399,2460.0000000000045
3400,2460.0000000000045
3401,2460.0000000000045
3402,2460.0000000000045
3403,2830.99999999999
3404,2459.0000000000045
3405,2460.0000000000045
3406,2460.0000000000045
3407,2460.0000000000045
3408,2460.0000000000045
3409,2460.0000000000045
3410,2460.0000000000045
3411,2459.0000000000045
3412,2459.0000000000045
3413,2459.0000000000045
3414,3416.0
3415,3410.0
3416,3417.0000000000005
3417,3417.0000000000005
3418,3412.9999999999995
3419,3401.000000000001
3420,3410.0
3421,3417.0000000000005
3422,3417.0000000000005
3423,3410.0
3424,3410.0
3425,3410.0
3426,3410.0
3427,3410.0
3428,3410.0
3429,3410.0
3430,3410.0
3431,2804.99999999999
3432,2804.99999999999
3433,2805.9999999999905
3434,3410.0
3435,3410.0
3436,3415.0
3437,3409.0
3438,3415.0
3439,3410.0
3440,3410.0
3441,3410.0
3442,3410.0
3443,3410.0
3444,3410.0
3445,3410.0
3446,3410.0
3447,3410.0
3448,3410.0
3449,3410.0
3450,3410.0
3451,3410.0
3452,3410.0
3453,3415.0
3454,3415.0
3455,3414.9999999999995
3456,3417.0000000000005
3457,3415.0
3458,3417.0000000000005
3459,3415.9999999999995
3460,3415.9999999999995
3461,3410.0
3462,3410.0
3463,3410.0
3464,3410.0
3465,3415.9999999999995
3466,3416.0
3467,3417.0000000000005
3468,3417.0000000000005
3469,3410.0
3470,3417.0000000000005
3471,3414.9999999999995
3472,3417.0000000000005
3473,3417.0000000000005
3474,3415.0
3475,3410.0
3476,3410.0
3477,3410.0
3478,3410.0
3479,3410.0
3480,3410.0
3481,3410.0
3482,3415.0
3483,3415.0
3484,3415.0
3485,3417.0000000000005
3486,3417.0000000000005
3487,3417.0000000000005
3488,3417.0000000000005
3489,3417.0000000000005
3490,3417.0000000000005
3491,3417.0000000000005
3492,3010.999999999989
3493,3417.0000000000005
3494,3417.0000000000005
3495,3417.0000000000005
3496,3417.0000000000005
3497,3417.0000000000005
3498,3417.0000000000005
3499,3417.0000000000005
3500,3417.0000000000005
3501,3417.0000000000005
3502,3417.0000000000005
3503,3417.0000000000005
3504,3409.9999999999995
3505,3409.9999999999995
3506,3417.0000000000005
3507,3417.0000000000005
3508,3417.0000000000005
3509,3417.0000000000005
3510,3417.0000000000005
3511,3417.0000000000005
3512,3417.0000000000005
3513,3417.0000000000005
3514,3417.0000000000005
3515,3417.0000000000005
3516,3417.0000000000005
3517,3417.0000000000005
3518,3417.0000000000005
3519,3417.0000000000005
3520,3417.0000000000005
3521,3417.0000000000005
3522,3417.0000000000005
3523,3417.0000000000005
3524,3417.0000000000005
3525,3417.0000000000005
3526,3417.0000000000005
3527,3417.0000000000005
3528,3417.0000000000005
3529,3417.0000000000005
3530,3417.0000000000005
3531,3417.0000000000005
3532,3417.0000000000005
3533,3417.0000000000005
3534,3417.0000000000005
3535,3417.0000000000005
3536,3417.0000000000005
3537,3417.0000000000005
3538,3417.0000000000005
3539,3417.0000000000005
3540,3417.0000000000005
3541,3417.0000000000005
3542,3417.0000000000005
3543,3417.0000000000005
3544,3417.0000000000005
3545,3417.0000000000005
3546,3417.0000000000005
3547,3417.0000000000005
3548,3417.0000000000005
3549,3417.0000000000005
3550,3417.0000000000005
3551,3417.0000000000005
3552,3417.0000000000005
3553,3417.0000000000005
3554,3417.0000000000005
3555,3417.0000000000005
3556,3417.0000000000005
3557,3417.0000000000005
3558,3417.0000000000005
3559,3417.0000000000005
3560,3417.0000000000005
3561,3417.0000000000005
3562,3417.0000000000005
3563,3417.0000000000005
3564,3417.0000000000005
3565,3417.0000000000005
3566,3417.0000000000005
3567,3417.0000000000005
3568,3417.0000000000005
3569,3417.0000000000005
3570,3417.0000000000005
3571,3417.0000000000005
3572,3417.0000000000005
3573,3417.0000000000005
3574,3417.0000000000005
3575,3417.0000000000005
3576,3417.0000000000005
3577,3417.0000000000005
3578,3417.0000000000005
3579,3417.0000000000005
3580,3417.0000000000005
1,-500.0
2,-500.0
3,-500.0
4,-500.0
5,-500.0
6,-500.0
7,-500.0
8,-500.0
9,-500.0
10,-500.0
11,-500.0
12,-500.0
13,-500.0
14,-500.0
15,-500.0
16,-500.0
17,-500.0
18,-500.0
19,-500.0
20,-500.0
1,-500.0
2,-500.0
3,-500.0
4,2330.0
5,2310.0
6,2310.0
7,2310.0
8,2310.0
9,2310.0
10,2310.0
11,2310.0
12,2310.0
13,2310.0
14,2310.0
15,2310.0
16,2310.0
17,2310.0
18,2310.0
19,2310.0
20,2310.0
21,2310.0
22,2310.0
23,2310.0
24,2310.0
25,2310.0
26,2310.0
27,2310.0
28,2310.0
29,2310.0
30,2310.0
31,2310.0
32,2310.0
33,2310.0
34,2310.0
35,2310.0
36,2310.0
37,2310.0
38,2310.0
39,2310.0
40,2310.0
41,2310.0
42,2310.0
43,2310.0
44,2310.0
45,2310.0
46,2310.0
47,2310.0
48,2310.0
49,2310.0
50,2310.0
51,2310.0
52,2310.0
53,2310.0
54,2310.0
55,2310.0
56,2310.0
57,2310.0
58,2310.0
59,2310.0
60,2310.0
61,2310.0
62,2310.0
63,2310.0
64,2310.0
65,2310.0
66,2310.0
67,2310.0
68,2310.0
69,2310.0
70,2310.0
71,2310.0
72,2310.0
73,2310.0
74,2310.0
75,2310.0
76,2310.0
77,2310.0
78,2310.0
79,2310.0
80,2310.0
81,2310.0
82,2310.0
83,2310.0
84,2500.0
85,2500.0
86,2500.0
87,2500.0
88,2500.0
89,2500.0
90,2500.0
91,2500.0
92,2500.0
93,2500.0
94,2500.0
95,2500.0
96,2500.0
97,2500.0
98,2500.0
99,2500.0
100,2500.0
101,2500.0
102,2500.0
103,2500.0
104,2500.0
105,2500.0
106,2500.0
107,2500.0
108,2500.0
109,2500.0
110,2500.0
111,2500.0
112,2500.0
113,2500.0
114,2500.0
115,2500.0
116,2500.0
117,2500.0
118,2500.0
119,2500.0
120,2500.0
121,2500.0
122,2500.0
123,2500.0
124,2500.0
125,2500.0
126,2500.0
127,2500.0
128,2500.0
129,2500.0
130,2500.0
131,2500.0
132,2500.0
133,2500.0
134,2500.0
135,2500.0
136,2500.0
137,2500.0
138,2500.0
139,2500.0
140,2500.0
141,2500.0
142,2500.0
143,2500.0
144,2500.0
145,2500.0
146,2500.0
147,2500.0
148,2500.0
149,2500.0
150,2500.0
151,2500.0
152,2500.0
153,2500.0
154,2500.0
155,2500.0
156,2500.0
157,2500.0
158,2500.0
159,2500.0
160,2500.0
161,2500.0
162,2500.0
163,2500.0
164,2500.0
165,2500.0
166,2500.0
167,2500.0
168,2500.0
169,2500.0
170,2500.0
171,2500.0
172,2500.0
173,2500.0
174,2500.0
175,2500.0
176,2500.0
177,2500.0
178,2500.0
179,2500.0
180,2500.0
181,2500.0
182,2500.0
183,2500.0
184,2500.0
185,2500.0
186,2500.0
187,2500.0
188,2500.0
189,2500.0
190,2500.0
191,2500.0
192,2500.0
193,2500.0
194,2500.0
195,2500.0
196,2500.0
197,2500.0
198,2500.0
199,2500.0
200,2500.0
201,2500.0
202,2500.0
203,2500.0
204,2500.0
205,2500.0
206,2500.0
207,2500.0
208,2500.0
209,2500.0
210,2500.0
211,2500.0
212,2500.0
213,2500.0
214,2500.0
215,2500.0
216,2500.0
217,2500.0
218,2500.0
219,2500.0
220,2500.0
221,2500.0
222,2500.0
223,2500.0
224,2500.0
225,2500.0
226,2500.0
227,2500.0
228,2500.0
229,2500.0
230,2500.0
231,2500.0
232,2500.0
233,2500.0
234,2500.0
235,2500.0
236,2500.0
237,2500.0
238,2500.0
239,2500.0
240,2500.0
241,2500.0
242,2500.0
243,2500.0
244,2500.0
245,2500.0
246,2500.0
247,2500.0
248,2500.0
249,2500.0
250,2500.0
251,2500.0
252,2500.0
253,2500.0
254,2500.0
255,2500.0
256,2500.0
257,2500.0
258,2500.0
259,2500.0
260,2500.0
261,2500.0
262,2500.0
263,2500.0
264,2500.0
265,2500.0
266,2500.0
267,2500.0
268,2500.0
269,2500.0
270,2500.0
271,2500.0
272,2500.0
273,2500.0
274,2500.0
275,2500.0
276,2500.0
277,2500.0
278,2500.0
279,2500.0
280,2500.0
281,2500.0
282,2500.0
283,2500.0
284,2500.0
285,2500.0
286,2500.0
287,2500.0
288,2500.0
289,2500.0
290,2500.0
291,2500.0
292,2500.0
293,2500.0
294,2500.0
295,2500.0
296,2500.0
297,2500.0
298,2500.0
299,2500.0
300,2500.0
301,2500.0
302,2500.0
303,2500.0
304,2500.0
305,2500.0
306,2500.0
307,2500.0
308,2500.0
309,2500.0
310,2500.0
311,2500.0
312,2500.0
313,2500.0
314,2500.0
315,2500.0
316,2500.0
317,2500.0
318,2500.0
319,2500.0
320,2500.0
321,2500.0
322,2500.0
323,2500.0
324,2500.0
325,2500.0
326,2500.0
327,2500.0
328,2500.0
329,2500.0
330,2500.0
331,2500.0
332,2500.0
333,2500.0
334,2500.0
335,2500.0
336,2500.0
337,2500.0
338,2500.0
339,2500.0
340,2500.0
341,2500.0
342,2500.0
343,2500.0
344,2500.0
345,2500.0
346,2500.0
347,2500.0
348,2500.0
349,2500.0
350,2500.0
351,2500.0
352,2500.0
353,2500.0
354,2500.0
355,2500.0
356,2500.0
357,2500.0
358,2500.0
359,2500.0
360,2500.0
361,2500.0
362,2500.0
363,2500.0
364,2500.0
365,2500.0
366,2500.0
367,2500.0
368,2500.0
369,2500.0
370,2500.0
371,2500.0
372,2500.0
373,2500.0
374,2500.0
375,2500.0
376,2500.0
377,2500.0
378,2500.0
379,2500.0
380,2500.0
381,2500.0
382,2500.0
383,2500.0
384,2500.0
385,2500.0
386,2500.0
387,2500.0
388,2500.0
389,2500.0
390,2500.0
391,2500.0
392,2500.0
393,2500.0
394,2500.0
395,2500.0
396,2500.0
397,2500.0
398,2500.0
399,2500.0
400,2500.0
401,2500.0
402,2500.0
403,2500.0
404,2500.0
405,2500.0
406,2500.0
407,2500.0
408,2500.0
409,2500.0
410,2500.0
411,2500.0
412,2500.0
413,2500.0
414,2500.0
415,2500.0
416,2500.0
417,2500.0
418,2500.0
419,2500.0
420,2500.0
421,2500.0
422,2500.0
423,2500.0
424,2500.0
425,2500.0
426,2500.0
427,2500.0
428,2500.0
429,2500.0
430,2500.0
431,2500.0
432,2500.0
433,2500.0
434,2500.0
435,2500.0
436,2500.0
437,2500.0
438,2500.0
439,2500.0
440,2500.0
441,2500.0
442,2500.0
443,2500.0
444,2500.0
445,2500.0
446,2500.0
447,2500.0
448,2500.0
449,2500.0
450,2500.0
451,2500.0
452,2500.0
453,2500.0
454,2500.0
455,2500.0
456,2500.0
457,2500.0
458,2500.0
459,2500.0
460,2500.0
461,2500.0
462,2500.0
463,2500.0
464,2500.0
465,2500.0
466,2500.0
467,2500.0
468,2500.0
469,2500.0
470,2500.0
471,2500.0
472,2500.0
473,2500.0
474,2500.0
475,2500.0
476,2500.0
477,2500.0
478,2500.0
479,2500.0
480,2500.0
481,2500.0
482,2500.0
483,2500.0
484,2500.0
485,2500.0
486,2500.0
487,2500.0
488,2500.0
489,2500.0
490,2500.0
491,2500.0
492,2500.0
493,2500.0
494,2500.0
495,2500.0
496,2500.0
497,2500.0
498,2500.0
499,2500.0
500,2500.0
501,2500.0
502,2500.0
503,2500.0
504,2500.0
505,2500.0
506,2500.0
507,2500.0
508,2500.0
509,2500.0
510,2500.0
511,2500.0
512,2500.0
513,2500.0
514,2500.0
515,2500.0
516,2500.0
517,2500.0
518,2500.0
519,2500.0
520,2500.0
521,2500.0
522,2500.0
523,2500.0
524,2500.0
525,2500.0
526,2500.0
527,2500.0
528,2500.0
529,2500.0
530,2500.0
531,2500.0
532,2500.0
533,2500.0
534,2500.0
535,2500.0
536,2500.0
537,2500.0
538,2500.0
539,2500.0
540,2500.0
541,2500.0
542,2500.0
543,2500.0
544,2500.0
545,2500.0
546,2500.0
547,2500.0
548,2500.0
549,2500.0
550,2500.0
551,2500.0
552,2500.0
553,2500.0
554,2500.0
555,2500.0
556,2500.0
557,2500.0
558,2500.0
559,2500.0
560,2500.0
561,2500.0
562,2500.0
563,2500.0
564,2500.0
565,2500.0
566,2500.0
567,2500.0
568,2500.0
569,2500.0
570,2500.0
571,2500.0
572,2500.0
573,2500.0
574,2500.0
575,2500.0
576,2500.0
577,2500.0
578,2500.0
579,2500.0
580,2500.0
581,2500.0
582,2500.0
583,2500.0
584,2500.0
585,2500.0
586,2500.0
587,2500.0
588,2500.0
589,2500.0
590,2500.0
591,2500.0
592,2500.0
593,2500.0
594,2500.0
595,2500.0
596,2500.0
597,2500.0
598,2500.0
599,2500.0
600,2500.0
601,2500.0
602,2500.0
603,2500.0
604,2500.0
605,2500.0
606,2500.0
607,2500.0
608,2500.0
609,2500.0
610,2500.0
611,2500.0
612,2500.0
613,2500.0
614,2500.0
615,2500.0
616,2500.0
617,2500.0
618,2500.0
619,2500.0
620,2500.0
621,2500.0
622,2500.0
623,2500.0
624,2500.0
625,2500.0
626,2500.0
627,2500.0
628,2500.0
629,2500.0
630,2500.0
631,2500.0
632,2500.0
633,2500.0
634,2500.0
635,2500.0
636,2500.0
637,2500.0
638,2500.0
639,2500.0
640,2500.0
641,2500.0
642,2500.0
643,2500.0
644,2500.0
645,2500.0
646,2500.0
647,2500.0
648,2500.0
649,2500.0
650,2500.0
651,2500.0
652,2500.0
653,2500.0
654,2500.0
655,2500.0
656,2500.0
657,2500.0
658,2500.0
659,2500.0
660,2500.0
661,2500.0
662,2500.0
663,2500.0
664,2500.0
665,2500.0
666,2500.0
667,2500.0
668,2500.0
669,2500.0
670,2500.0
671,2500.0
672,2500.0
673,2500.0
674,2500.0
675,2500.0
676,2500.0
677,2500.0
678,2500.0
679,2500.0
680,2500.0
681,2500.0
682,2500.0
683,2500.0
684,2500.0
685,2500.0
686,2500.0
687,2500.0
688,2500.0
689,2500.0
690,2500.0
691,2500.0
692,2500.0
693,2500.0
694,2500.0
695,2500.0
696,2500.0
697,2500.0
698,2500.0
699,2500.0
700,2500.0
701,2500.0
702,2500.0
703,2500.0
704,2500.0
705,2500.0
706,2500.0
707,2500.0
708,2500.0
709,2500.0
710,2500.0
711,2500.0
712,2500.0
713,2500.0
714,2500.0
715,2500.0
716,2500.0
717,2500.0
718,2500.0
719,2500.0
720,2500.0
721,2500.0
722,2500.0
723,2500.0
724,2500.0
725,2500.0
726,2500.0
727,2500.0
728,2500.0
729,2500.0
730,2500.0
731,2500.0
732,2500.0
733,2500.0
734,2500.0
735,2500.0
736,2500.0
737,2500.0
738,2500.0
739,2500.0
740,2500.0
741,2500.0
742,2500.0
743,2500.0
744,2500.0
745,2500.0
746,2500.0
747,2500.0
748,2500.0
749,2500.0
750,2500.0
751,2500.0
752,2500.0
753,2500.0
754,2500.0
755,2500.0
756,2500.0
757,2500.0
758,2500.0
759,2500.0
760,2500.0
761,2500.0
762,2500.0
763,2500.0
764,2500.0
765,2500.0
766,2500.0
767,2500.0
768,2500.0
769,2500.0
770,2500.0
771,2500.0
772,2500.0
773,2500.0
774,2500.0
775,2500.0
776,2500.0
777,2500.0
778,2500.0
779,2500.0
780,2500.0
781,2500.0
782,2500.0
783,2500.0
784,2500.0
785,2500.0
786,2500.0
787,2520.0
788,2520.0
789,2520.0
790,2520.0
791,2500.0
792,2500.0
793,2500.0
794,2500.0
795,2500.0
796,2500.0
797,2500.0
798,2500.0
799,2500.0
800,2500.0
801,2500.0
802,2500.0
803,2500.0
804,2500.0
805,2500.0
806,2500.0
807,2500.0
808,2500.0
809,2500.0
810,2500.0
811,2500.0
812,2500.0
813,2500.0
814,2500.0
815,2500.0
816,2500.0
817,2500.0
818,2500.0
819,2500.0
820,2500.0
821,2500.0
822,2500.0
823,2500.0
824,2500.0
825,2500.0
826,2500.0
827,2500.0
828,2500.0
829,2500.0
830,2500.0
831,2500.0
832,2500.0
833,2500.0
834,2500.0
835,2500.0
836,2500.0
837,2500.0
838,2500.0
839,2500.0
840,2500.0
841,2500.0
842,2500.0
843,2500.0
844,2500.0
845,2500.0
846,2500.0
847,2500.0
848,2500.0
849,2500.0
850,2500.0
851,2500.0
852,2500.0
853,2500.0
854,2500.0
855,2500.0
856,2500.0
857,2500.0
858,2500.0
859,2500.0
860,2500.0
861,2500.0
862,2500.0
863,2500.0
864,2500.0
865,2500.0
866,2500.0
867,2500.0
868,2500.0
869,2500.0
870,2500.0
871,2500.0
872,2500.0
873,2500.0
874,2500.0
875,2500.0
876,2500.0
877,2500.0
878,2500.0
879,2500.0
880,2500.0
881,2500.0
882,2500.0
883,2500.0
884,2500.0
885,2500.0
886,2500.0
887,2500.0
888,2500.0
889,2500.0
890,2500.0
891,2500.0
892,2500.0
893,2500.0
894,2500.0
895,2500.0
896,2500.0
897,2500.0
898,2500.0
899,2500.0
900,2500.0
901,2500.0
902,2500.0
903,2500.0
904,2500.0
905,2500.0
906,2500.0
907,2500.0
908,2500.0
909,2500.0
910,2500.0
911,2500.0
912,2500.0
913,2500.0
914,2500.0
915,2500.0
916,2500.0
917,2500.0
918,2500.0
919,2500.0
920,2500.0
921,2500.0
922,2500.0
923,2500.0
924,2500.0
925,2500.0
926,2500.0
927,2500.0
928,2500.0
929,2500.0
930,2500.0
931,2500.0
932,2500.0
933,2500.0
934,2500.0
935,2500.0
936,2500.0
937,2500.0
938,2500.0
939,2500.0
940,2500.0
941,2500.0
942,2500.0
943,2500.0
944,2500.0
945,2500.0
946,2500.0
947,2500.0
948,2500.0
949,2500.0
950,2500.0
951,2500.0
952,2500.0
953,2500.0
954,2500.0
955,2500.0
956,2500.0
957,2500.0
958,2500.0
959,2500.0
960,2500.0
961,2500.0
962,2500.0
963,2500.0
964,2500.0
965,2500.0
966,2500.0
967,2500.0
968,2500.0
969,2500.0
970,2500.0
971,2500.0
972,2500.0
973,2500.0
974,2500.0
975,2500.0
976,2500.0
977,2500.0
978,2500.0
979,2500.0
980,2500.0
981,2500.0
982,2500.0
983,2500.0
984,2500.0
985,2500.0
986,2500.0
987,2500.0
988,2500.0
989,2500.0
990,2500.0
991,2500.0
992,2500.0
993,2500.0
994,2500.0
995,2500.0
996,2500.0
997,2500.0
998,2500.0
999,2500.0
1000,2500.0
1001,2500.0
1002,2500.0
1003,2500.0
1004,2500.0
1005,2500.0
1006,2520.0
1007,2520.0
1008,2520.0
1009,2500.0
1010,2500.0
1011,2500.0
1012,2500.0
1013,2500.0
1014,2500.0
1015,2500.0
1016,2500.0
1017,2500.0
1018,2500.0
1019,2500.0
1020,2500.0
1021,2500.0
1022,2500.0
1023,2500.0
1024,2500.0
1025,2500.0
1026,2500.0
1027,2500.0
1028,2500.0
1029,2500.0
1030,2500.0
1031,2500.0
1032,2500.0
1033,2500.0
1034,2500.0
1035,2500.0
1036,2500.0
1037,2500.0
1038,2500.0
1039,2500.0
1040,2500.0
1041,2500.0
1042,2500.0
1043,2500.0
1044,2500.0
1045,2500.0
1046,2500.0
1047,2500.0
1048,2520.0
1049,2500.0
1050,2500.0
1051,2520.0
1052,2500.0
1053,2500.0
1054,2500.0
1055,2500.0
1056,2500.0
1057,2500.0
1058,2500.0
1059,2500.0
1060,2500.0
1061,2500.0
1062,2500.0
1063,2500.0
1064,2500.0
1065,2500.0
1066,2500.0
1067,2500.0
1068,2500.0
1069,2500.0
1070,2500.0
1071,2500.0
1072,2520.0
1073,2520.0
1074,2520.0
1075,2520.0
1076,2520.0
1077,2520.0
1078,2520.0
1079,2500.0
1080,2500.0
1081,2500.0
1082,2500.0
1083,2500.0
1084,2500.0
1085,2500.0
1086,2500.0
1087,2500.0
1088,2500.0
1089,2500.0
1090,2500.0
1091,2500.0
1092,2500.0
1093,2500.0
1094,2500.0
1095,2500.0
1096,2500.0
1097,2500.0
1098,2500.0
1099,2500.0
1100,2500.0
1101,2500.0
1102,2500.0
1103,2500.0
1104,2500.0
1105,2500.0
1106,2500.0
1107,2500.0
1108,2500.0
1109,2500.0
1110,2500.0
1111,2500.0
1112,2500.0
1113,2500.0
1114,2500.0
1115,2500.0
1116,2500.0
1117,2500.0
1118,2500.0
1119,2500.0
1120,2500.0
1121,2500.0
1122,2500.0
1123,2500.0
1124,2500.0
1125,2500.0
1126,2500.0
1127,2500.0
1128,2500.0
1129,2500.0
1130,2500.0
1131,2520.0
1132,2500.0
1133,2500.0
1134,2500.0
1135,2500.0
1136,2500.0
1137,2500.0
1138,2500.0
1139,2500.0
1140,2500.0
1141,2500.0
1142,2500.0
1143,2500.0
1144,2500.0
1145,2500.0
1146,2500.0
1147,2500.0
1148,2500.0
1149,2500.0
1150,2500.0
1151,2500.0
1152,2500.0
1153,2500.0
1154,2500.0
1155,2500.0
1156,2500.0
1157,2500.0
1158,2500.0
1159,2500.0
1160,2500.0
1161,2500.0
1162,2500.0
1163,2500.0
1164,2500.0
1165,2500.0
1166,2500.0
1167,2500.0
1168,2500.0
1169,2500.0
1170,2500.0
1171,2500.0
1172,2500.0
1173,2500.0
1174,2500.0
1175,2500.0
1176,2500.0
1177,2500.0
1178,2500.0
1179,2500.0
1180,2500.0
1181,2500.0
1182,2500.0
1183,2500.0
1184,2500.0
1185,2500.0
1186,2500.0
1187,2500.0
1188,2500.0
1189,2500.0
1190,2500.0
1191,2500.0
1192,2500.0
1193,2500.0
1194,2500.0
1195,2500.0
1196,2500.0
1197,2500.0
1198,2500.0
1199,2500.0
1200,2500.0
1201,2500.0
1202,2500.0
1203,2500.0
1204,2500.0
1205,2500.0
1206,2500.0
1207,2500.0
1208,2500.0
1209,2500.0
1210,2500.0
1211,2500.0
1212,2500.0
1213,2500.0
1214,2500.0
1215,2500.0
1216,2500.0
1217,2500.0
1218,2500.0
1219,2500.0
1220,2500.0
1221,2500.0
1222,2500.0
1223,2500.0
1224,2500.0
1225,2500.0
1226,2500.0
1227,2500.0
1228,2500.0
1229,2500.0
1230,2500.0
1231,2500.0
1232,2500.0
1233,2500.0
1234,2500.0
1235,2500.0
1236,2500.0
1237,2500.0
1238,2500.0
1239,2500.0
1240,2500.0
1241,2500.0
1242,2500.0
1243,2500.0
1244,2500.0
1245,2500.0
1246,2500.0
1247,2500.0
1248,2500.0
1249,2500.0
1250,2500.0
1251,2500.0
1252,2500.0
1253,2500.0
1254,2500.0
1255,2500.0
1256,2500.0
1257,2500.0
1258,2500.0
1259,2500.0
1260,2500.0
1261,2500.0
1262,2500.0
1263,2500.0
1264,2500.0
1265,2500.0
1266,2500.0
1267,2500.0
1268,2500.0
1269,2500.0
1270,2500.0
1271,2500.0
1272,2500.0
1273,2500.0
1274,2500.0
1275,2500.0
1276,2500.0
1277,2500.0
1278,2500.0
1279,2500.0
1280,2500.0
1281,2500.0
1282,2500.0
1283,2500.0
1284,2500.0
1285,2500.0
1286,2500.0
1287,2500.0
1288,2500.0
1289,2500.0
1290,2500.0
1291,2500.0
1292,2520.0
1293,2500.0
1294,2500.0
1295,2500.0
1296,2500.0
1297,2500.0
1298,2500.0
1299,2500.0
1300,2500.0
1301,2500.0
1302,2500.0
1303,2500.0
1304,2500.0
1305,2500.0
1306,2500.0
1307,2500.0
1308,2500.0
1309,2500.0
1310,2500.0
1311,2500.0
1312,2500.0
1313,2500.0
1314,2500.0
1315,2500.0
1316,2500.0
1317,2500.0
1318,2500.0
1319,2500.0
1320,2500.0
1321,2500.0
1322,2500.0
1323,2500.0
1324,2500.0
1325,2500.0
1326,2500.0
1327,2500.0
1328,2500.0
1329,2500.0
1330,2500.0
1331,2500.0
1332,2500.0
1333,2500.0
1334,2500.0
1335,2500.0
1336,2500.0
1337,2500.0
1338,2500.0
1339,2500.0
1340,2500.0
1341,2500.0
1342,2500.0
1343,2500.0
1344,2500.0
1345,2500.0
1346,2500.0
1347,2500.0
1348,2500.0
1349,2500.0
1350,2500.0
1351,2500.0
1352,2500.0
1353,2500.0
1354,2500.0
1355,2500.0
1356,2500.0
1357,2500.0
1358,2500.0
1359,2500.0
1360,2500.0
1361,2500.0
1362,2500.0
1363,2500.0
1364,2500.0
1365,2500.0
1366,2500.0
1367,2500.0
1368,2500.0
1369,2500.0
1370,2500.0
1371,2500.0
1372,2500.0
1373,2500.0
1374,2500.0
1375,2500.0
1376,2500.0
1377,2500.0
1378,2500.0
1379,2500.0
1380,2500.0
1381,2500.0
1382,2500.0
1383,2500.0
1384,2500.0
1385,2500.0
1386,2500.0
1387,2500.0
1388,2500.0
1389,2500.0
1390,2500.0
1391,2500.0
1392,2500.0
1393,2500.0
1394,2500.0
1395,2500.0
1396,2500.0
1397,2500.0
1398,2500.0
1399,2500.0
1400,2500.0
1401,2500.0
1402,2500.0
1403,2500.0
1404,2500.0
1405,2500.0
1406,2500.0
1407,2500.0
1408,2500.0
1409,2500.0
1410,2500.0
1411,2500.0
1412,2500.0
1413,2500.0
1414,2500.0
1415,2500.0
1416,2500.0
1417,2500.0
1418,2500.0
1419,2500.0
1420,2500.0
1421,2500.0
1422,2500.0
1423,2500.0
1424,2500.0
1425,2500.0
1426,2500.0
1427,2500.0
1428,2500.0
1429,2500.0
1430,2500.0
1431,2500.0
1432,2500.0
1433,2500.0
1434,2500.0
1435,2500.0
1436,2500.0
1437,2500.0
1438,2500.0
1439,2500.0
1440,2500.0
1441,2500.0
1442,2500.0
1443,2500.0
1444,2500.0
1445,2500.0
1446,2500.0
1447,2500.0
1448,2500.0
1449,2500.0
1450,2520.0
1451,2500.0
1452,2500.0
1453,2500.0
1454,2500.0
1455,2500.0
1456,2500.0
1457,2500.0
1458,2500.0
1459,2500.0
1460,2500.0
1461,2500.0
1462,2500.0
1463,2500.0
1464,2500.0
1465,2500.0
1466,2500.0
1467,2500.0
1468,2500.0
1469,2500.0
1470,2500.0
1471,2500.0
1472,2500.0
1473,2500.0
1474,2500.0
1475,2500.0
1476,2500.0
1477,2500.0
1478,2500.0
1479,2500.0
1480,2500.0
1481,2500.0
1482,2500.0
1483,2500.0
1484,2500.0
1485,2500.0
1486,2500.0
1487,2500.0
1488,2500.0
1489,2500.0
1490,2500.0
1491,2500.0
1492,2500.0
1493,2500.0
1494,2500.0
1495,2500.0
1496,2500.0
1497,2500.0
1498,2500.0
1499,2500.0
1500,2500.0
1501,2500.0
1502,2500.0
1503,2500.0
1504,2500.0
1505,2500.0
1506,2500.0
1507,2500.0
1508,2500.0
1509,2500.0
1510,2500.0
1511,2500.0
1512,2500.0
1513,2500.0
1514,2500.0
1515,2500.0
1516,2500.0
1517,2500.0
1518,2500.0
1519,2500.0
1520,2500.0
1521,2500.0
1522,2500.0
1523,2500.0
1524,2500.0
1525,2500.0
1526,2500.0
1527,2500.0
1528,2500.0
1529,2500.0
1530,2500.0
1531,2500.0
1532,2500.0
1533,2500.0
1534,2500.0
1535,2500.0
1536,2500.0
1537,2500.0
1538,2520.0
1539,2500.0
1540,2500.0
1541,2500.0
1542,2500.0
1543,2500.0
1544,2500.0
1545,2500.0
1546,2500.0
1547,2500.0
1548,2500.0
1549,2500.0
1550,2500.0
1551,2500.0
1552,2520.0
1553,2500.0
1554,2500.0
1555,2500.0
1556,2500.0
1557,2500.0
1558,2500.0
1559,2500.0
1560,2500.0
1561,2500.0
1562,2500.0
1563,2500.0
1564,2500.0
1565,2500.0
1566,2500.0
1567,2500.0
1568,2500.0
1569,2500.0
1570,2500.0
1571,2500.0
1572,2500.0
1573,2500.0
1574,2500.0
1575,2500.0
1576,2500.0
1577,2500.0
1578,2500.0
1579,2500.0
1580,2500.0
1581,2500.0
1582,2500.0
1583,2500.0
1584,2500.0
1585,2500.0
1586,2500.0
1587,2500.0
1588,2500.0
1589,2500.0
1590,2500.0
1591,2500.0
1592,2500.0
1593,2500.0
1594,2500.0
1595,2500.0
1596,2500.0
1597,2500.0
1598,2500.0
1599,2500.0
1600,2500.0
1601,2500.0
1602,2500.0
1603,2500.0
1604,2500.0
1605,2500.0
1606,2500.0
1607,2500.0
1608,2500.0
1609,2500.0
1610,2500.0
1611,2500.0
1612,2500.0
1613,2500.0
1614,2500.0
1615,2500.0
1616,2500.0
1617,2500.0
1618,2500.0
1619,2500.0
1620,2500.0
1621,2500.0
1622,2500.0
1623,2500.0
1624,2500.0
1625,2500.0
1626,2500.0
1627,2500.0
1628,2500.0
1629,2500.0
1630,2500.0
1631,2500.0
1632,2500.0
1633,2500.0
1634,2500.0
1635,2500.0
1636,2500.0
1637,2500.0
1638,2500.0
1639,2500.0
1640,2500.0
1641,2500.0
1642,2500.0
1643,2500.0
1644,2500.0
1645,2500.0
1646,2500.0
1647,2500.0
1648,2500.0
1649,2500.0
1650,2500.0
1651,2500.0
1652,2500.0
1653,2500.0
1654,2500.0
1655,2500.0
1656,2500.0
1657,2500.0
1658,2500.0
1659,2520.0
1660,2520.0
1661,2500.0
1662,2500.0
1663,2500.0
1664,2500.0
1665,2500.0
1666,2500.0
1667,2500.0
1668,2500.0
1669,2500.0
1670,2500.0
1671,2500.0
1672,2500.0
1673,2500.0
1674,2500.0
1675,2500.0
1676,2500.0
1677,2500.0
1678,2500.0
1679,2500.0
1680,2500.0
1681,2500.0
1682,2500.0
1683,2500.0
1684,2500.0
1685,2500.0
1686,2500.0
1687,2500.0
1688,2500.0
1689,2500.0
1690,2500.0
1691,2500.0
1692,2500.0
1693,2500.0
1694,2500.0
1695,2500.0
1696,2500.0
1697,2500.0
1698,2500.0
1699,2500.0
1700,2500.0
1701,2500.0
1702,2500.0
1703,2500.0
1704,2500.0
1705,2500.0
1706,2500.0
1707,2500.0
1708,2500.0
1709,2500.0
1710,2500.0
1711,2310.0
1712,2500.0
1713,2500.0
1714,2500.0
1715,2500.0
1716,2500.0
1717,2500.0
1718,2500.0
1719,2500.0
1720,2500.0
1721,2500.0
1722,2500.0
1723,2500.0
1724,2500.0
1725,2500.0
1726,2500.0
1727,2500.0
1728,2500.0
1729,2500.0
1730,2500.0
1731,2500.0
1732,2500.0
1733,2500.0
1734,2500.0
1735,2500.0
1736,2500.0
1737,2500.0
1738,2500.0
1739,2500.0
1740,2500.0
1741,2500.0
1742,2500.0
1743,2500.0
1744,2500.0
1745,2500.0
1746,2500.0
1747,2500.0
1748,2500.0
1749,2500.0
1750,2500.0
1751,2500.0
1752,2500.0
1753,2500.0
1754,2500.0
1755,2500.0
1756,2500.0
1757,2500.0
1758,2500.0
1759,2500.0
1760,2500.0
1761,2500.0
1762,2500.0
1763,2500.0
1764,2500.0
1765,2500.0
1766,2500.0
1767,2500.0
1768,2500.0
1769,2500.0
1770,2500.0
1771,2500.0
1772,2500.0
1773,2500.0
1774,2500.0
1775,2500.0
1776,2500.0
1777,2500.0
1778,2500.0
1779,2500.0
1780,2500.0
1781,2500.0
1782,2500.0
1783,2500.0
1784,2500.0
1785,2500.0
1786,2500.0
1787,2500.0
1788,2310.0
1789,2500.0
1790,2500.0
1791,2500.0
1792,2500.0
1793,2500.0
1794,2500.0
1795,2500.0
1796,2500.0
1797,2500.0
1798,2500.0
1799,2500.0
1800,2500.0
1801,2500.0
1802,2500.0
1803,2500.0
1804,2500.0
1805,2500.0
1806,2500.0
1807,2500.0
1808,2500.0
1809,2500.0
1810,2500.0
1811,2500.0
1812,2500.0
1813,2500.0
1814,2500.0
1815,2500.0
1816,2500.0
1817,2500.0
1818,2500.0
1819,2500.0
1820,2500.0
1821,2500.0
1822,2500.0
1823,2500.0
1824,2500.0
1825,2500.0
1826,2500.0
1827,2500.0
1828,2500.0
1829,2500.0
1830,2500.0
1831,2500.0
1832,2500.0
1833,2500.0
1834,2500.0
1835,2500.0
1836,2520.0
1837,2500.0
1838,2500.0
1839,2500.0
1840,2310.0
1841,2310.0
1842,2310.0
1843,2520.0
1844,2520.0
1845,2520.0
1846,2310.0
1847,2310.0
1848,2310.0
1849,2310.0
1850,2310.0
1851,2310.0
1852,2310.0
1853,2520.0
1854,2520.0
1855,2520.0
1856,2500.0
1857,2500.0
1858,2500.0
1859,2500.0
1860,2500.0
1861,2500.0
1862,2500.0
1863,2500.0
1864,2500.0
1865,2500.0
1866,2500.0
1867,2500.0
1868,2500.0
1869,2500.0
1870,2500.0
1871,2500.0
1872,2500.0
1873,2500.0
1874,2500.0
1875,2520.0
1876,2500.0
1877,2500.0
1878,2500.0
1879,2500.0
1880,2500.0
1881,2500.0
1882,2500.0
1883,2500.0
1884,2500.0
1885,2520.0
1886,2520.0
1887,2520.0
1888,2520.0
1889,2500.0
1890,2500.0
1891,2500.0
1892,2500.0
1893,2500.0
1894,2500.0
1895,2500.0
1896,2500.0
1897,2500.0
1898,2500.0
1899,2500.0
1900,2500.0
1901,2500.0
1902,2500.0
1903,2500.0
1904,2500.0
1905,2500.0
1906,2500.0
1907,2500.0
1908,2500.0
1909,2500.0
1910,2500.0
1911,2500.0
1912,2500.0
1913,2500.0
1914,2500.0
1915,2500.0
1916,2500.0
1917,2500.0
1918,2500.0
1919,2500.0
1920,2500.0
1921,2500.0
1922,2500.0
1923,2500.0
1924,2500.0
1925,2500.0
1926,2500.0
1927,2500.0
1928,2500.0
1929,2520.0
1930,2500.0
1931,2520.0
1932,2500.0
1933,2500.0
1934,2500.0
1935,2500.0
1936,2500.0
1937,2500.0
1938,2500.0
1939,2500.0
1940,2500.0
1941,2500.0
1942,2500.0
1943,2500.0
1944,2500.0
1945,2500.0
1946,2500.0
1947,2500.0
1948,2500.0
1949,2500.0
1950,2500.0
1951,2500.0
1952,2500.0
1953,2500.0
1954,2500.0
1955,2500.0
1956,2500.0
1957,2500.0
1958,2500.0
1959,2500.0
1960,2500.0
1961,2500.0
1962,2500.0
1963,2500.0
1964,2500.0
1965,2500.0
1966,2500.0
1967,2500.0
1968,2500.0
1969,2500.0
1970,2500.0
1971,2500.0
1972,2500.0
1973,2500.0
1974,2500.0
1975,2500.0
1976,2500.0
1977,2500.0
1978,2500.0
1979,2500.0
1980,2500.0
1981,2500.0
1982,2500.0
1983,2500.0
1984,2500.0
1985,2500.0
1986,2500.0
1987,2500.0
1988,2500.0
1989,2500.0
1990,2520.0
1991,2520.0
1992,2500.0
1993,2500.0
1994,2500.0
